9.47215
8.64064
7.99596
7.42685
6.99981
6.66044
6.36986
6.09456
5.86553
5.71112
5.50367
5.36558
5.15175
4.96368
4.80529
4.74306
4.60826
4.48546
4.41566
4.33554
4.24059
4.15665
4.067
4.02141
3.94694
3.87487
3.84526
3.80498
3.74454
3.64875
3.55631
3.52117
3.39816
3.28742
3.24503
3.1052
3.07
2.99548
2.9656
2.91467
2.85433
2.81814
2.79205
2.71565
2.72832
2.65866
2.59159
2.5545
2.52709
2.48922
2.47965
2.43551
2.35642
2.28995
2.26171
2.24409
2.21895
2.25371
2.25727
2.25719
2.21961
2.22999
2.21707
2.16214
2.13137
2.10107
2.11611
2.1338
2.09851
2.08479
2.07078
2.01624
2.01547
1.99096
1.99681
2.03213
1.99133
1.99291
1.95112
1.90449
1.92912
1.95922
1.87439
1.89478
1.85726
1.78762
1.73762
1.70236
1.75623
1.68818
1.68439
1.70548
1.72857
1.74258
1.73311
1.67481
1.7177
1.73942
1.77477
1.70846
1.72836
1.73643
1.73102
1.71258
1.7144
1.73789
1.73904
1.72623
1.73725
1.62337
1.61717
1.61198
1.57985
1.63311
1.54024
1.59028
1.61541
1.56523
1.57397
1.60464
1.54598
1.59927
1.52777
1.5321
1.50958
1.57472
1.61852
1.56681
1.56034
1.53688
1.48671
1.5686
1.49652
1.53282
1.48812
1.46577
1.47703
1.46483
1.39883
1.37243
1.41528
1.46237
1.41826
1.40116
1.37112
1.36065
1.36615
1.38211
1.42295
1.38374
1.34881
1.37974
1.38366
1.39098
1.38599
1.36981
1.39083
1.47469
1.41102
1.40477
1.39555
1.37828
1.36857
1.42598
1.41165
1.41872
1.39165
1.3821
1.42275
1.44342
1.41322
1.43468
1.38423
1.42005
1.40635
1.43374
1.44952
1.38971
1.3966
1.41774
1.4644
1.41525
1.43094
1.43353
1.43105
1.39477
1.40213
1.43759
1.45105
1.39883
1.4011
1.43549
1.39123
1.41689
1.39806
1.3918
1.40952
1.38111
1.41532
1.40921
