0 0 0
0.064633 0 0
0.129266 0 0
0.193899 0 0
0.258532 0 0
0.323165 0 0
0.387798 0 0
0.452431 0 0
0.517064 0 0
0.581697 0 0
0.64633 0 0
0.710963 0 0
0.775596 0 0
0.84023 0.000794853 0.000242211
0.904863 0.107523 0.0028068
0.969496 0.864667 0.0135141
1.03413 1.63923 0.0198454
1.09876 1.80637 0.0203691
1.16339 1.71459 0.0198343
1.22803 1.50164 0.0141455
1.29266 1.36726 0.0138874
1.35729 1.20487 0.0126898
1.42193 1.13672 0.0118149
1.48656 1.0688 0.00875077
1.55119 1.01729 0.0109792
1.61583 0.992324 0.010708
1.68046 0.970042 0.00660692
1.74509 0.942114 0.00848207
1.80973 0.929872 0.00694554
1.87436 0.935577 0.00564858
1.93899 0.93622 0.0054843
2.00362 0.939497 0.00641611
2.06826 0.932963 0.0081141
2.13289 0.928002 0.0069711
2.19752 0.931108 0.00682566
2.26216 0.933091 0.00689318
2.32679 0.928993 0.00739507
2.39142 0.940165 0.00385299
2.45606 0.926571 0.00518237
2.52069 0.921039 0.00558079
2.58532 0.932491 0.00430191
2.64995 0.926454 0.00501231
2.71459 0.924119 0.00580068
2.77922 0.922067 0.00528571
2.84385 0.921809 0.00515526
2.90849 0.925762 0.0032387
2.97312 0.918098 0.00555002
3.03775 0.921027 0.00343457
3.10239 0.920953 0.00425142
3.16702 0.92343 0.00413357
3.23165 0.923122 0.00398496
3.29629 0.915165 0.0043073
3.36092 0.921681 0.0045857
3.42555 0.924444 0.00304617
3.49018 0.92694 0.0028538
3.55482 0.922589 0.00396219
3.61945 0.935431 0.00403487
3.68408 0.924687 0.00337578
3.74872 0.931449 0.00366835
3.81335 0.925612 0.00303416
3.87798 0.927548 0.00268148
3.94262 0.929649 0.00314644
4.00725 0.927679 0.00226831
4.07188 0.930667 0.00290097
4.13651 0.928559 0.00342761
4.20115 0.931983 0.00238532
4.26578 0.931677 0.00268969
4.33041 0.937031 0.00274325
4.39505 0.937443 0.00266037
4.45968 0.931737 0.00295452
4.52431 0.935317 0.00307028
4.58895 0.93706 0.00234715
4.65358 0.936264 0.00293771
4.71821 0.936905 0.00384704
4.78285 0.930873 0.00239212
4.84748 0.932709 0.00205307
4.91211 0.935261 0.00337357
4.97674 0.940629 0.00316812
5.04138 0.936898 0.0032766
5.10601 0.938415 0.00321761
5.17064 0.940142 0.00222843
5.23528 0.935716 0.00165506
5.29991 0.943527 0.00261888
5.36454 0.941453 0.00207404
5.42918 0.943059 0.00247235
5.49381 0.938265 0.00222666
5.55844 0.938407 0.00217015
5.62307 0.940244 0.00192008
5.68771 0.939722 0.00197754
5.75234 0.942202 0.00230241
5.81697 0.941817 0.00158483
5.88161 0.944067 0.00205105
5.94624 0.94379 0.00203381
6.01087 0.945209 0.00210471
6.07551 0.947723 0.0020263
6.14014 0.948954 0.00182535
6.20477 0.946306 0.0022296
6.2694 0.943784 0.00160324
6.33404 0.950796 0.00193383
6.39867 0.945862 0.00152408
