1.19222
1.19198
1.19512
1.20077
1.20734
1.2134
1.21812
1.22126
1.22292
1.2233597
1.2228
1.22141
1.21933
1.21662
1.21334
1.20956
1.2054
1.20109
1.19697
1.1934679
1.19105
1.19008
1.19067
1.19266
1.19561
1.19899
1.2023
1.20516
1.20738
1.2088784
1.20969
1.20991
1.20964
1.20901
1.20813
1.20709
1.20595
1.20478
1.2036
1.2024367
1.20132
1.20029
1.19938
1.19866
1.19816
1.19791
1.19791
1.19811
1.19842
1.1987280
1.19889
1.19878
1.19826
1.19727
1.19583
1.19411
1.19244
1.19126
1.19102
1.1920145
1.19425
1.19745
1.20117
1.20495
1.20845
1.21147
1.21392
1.21582
1.21721
1.2181399
1.21869
1.21893
1.21897
1.21889
1.21883
1.21888
1.21912
1.21959
1.22032
1.2212746
1.22246
1.22385
1.22543
1.22717
1.22896
1.23061
1.23182
1.23222
1.23138
1.2288818
1.22444
1.21813
1.21065
1.20344
1.19845
1.19732
1.20046
1.20691
1.215
1.2231739
1.23039
1.23609
1.24004
1.24214
1.24246
1.24118
1.2387
1.23564
1.23277
1.2308538
1.23032
1.23116
1.23297
1.23522
1.23744
1.23937
1.24096
1.24225
1.24332
1.2442053
1.24487
1.2452
1.24506
1.24428
1.24269
1.24018
1.23671
1.23233
1.22723
1.2217341
1.21627
1.21135
1.20747
1.20504
1.20431
1.20535
1.20805
1.21217
1.2174
1.2233746
1.22968
1.23587
1.24154
1.24631
1.2499
1.25211
1.25287
1.25217
1.25014
1.2469677
1.24291
1.23826
1.23321
1.2278
1.22185
1.21508
1.20742
1.19958
1.19327
1.1908382
1.19376
1.20145
1.21157
1.2216
1.22995
1.23611
1.24023
1.24275
1.24413
1.2447788
1.24497
1.24487
1.24456
1.24402
1.24314
1.24177
1.23976
1.23696
1.2333
1.2287903
1.2236
1.21799
1.21234
1.20704
1.20243
1.19878
1.19623
1.19481
1.19445
1.1950304
1.19638
1.19837
1.20082
1.20358
1.20644
1.20922
1.21175
1.21389
1.2156
1.2168695
1.21775
1.21832
1.21864
1.21881
1.21888
1.2189
1.21892
1.21894
1.21898
1.2190253
1.21907
1.21911
1.21912
1.21911
1.21905
1.21896
1.21884
1.21868
1.2185
1.2183006
1.21809
1.21787
1.21764
1.21742
1.2172
1.21699
1.21679
1.21659
1.2164
1.2162171
1.21604
1.21587
1.21571
1.21556
1.21541
1.21528
1.21515
1.21503
1.21493
1.2148478
1.21478
1.21474
1.21471
1.21469
1.21466
1.21463
1.21455
1.21441
1.21417
1.2138262
1.21335
1.21274
1.21202
1.21125
1.21048
1.20978
1.20924
1.2089
1.20876
1.2087996
1.20896
1.20918
1.20939
1.20958
1.20973
1.20987
1.21007
1.21039
1.21089
1.2116308
1.21265
1.21397
1.21556
1.21735
1.21925
1.22112
1.22282
1.2242
1.22514
1.2255670
1.22548
1.22494
1.2241
1.22319
1.22245
1.22209
1.22221
1.22275
1.22354
1.2243306
1.2249
1.22509
1.22487
1.22431
1.22353
1.22269
1.22192
1.22128
1.22077
1.2203351
1.21991
1.21947
1.21902
1.21861
1.21836
1.21835
1.21866
1.2193
1.22025
1.2214457
1.2228
1.22424
1.22571
1.22716
1.22858
1.22996
1.23131
1.23261
1.23388
1.2351316
1.23636
1.23758
1.23878
1.23996
1.24108
1.24213
1.24306
1.24382
1.24435
1.2445492
1.24433
1.24357
1.24215
1.23994
1.23685
1.23291
1.22828
1.22341
1.21901
1.2159230
1.21486
1.21606
1.21921
1.22363
1.22861
1.23358
1.23824
1.24245
1.24619
1.2494518
1.25225
1.2546
1.25651
1.25801
1.25914
1.25993
1.26047
1.26082
1.26108
1.2613320
1.26167
1.26215
1.26281
1.26362
1.26453
1.26546
1.2663
1.26697
1.26739
1.2675392
1.2674
1.26701
1.26639
1.26557
1.26457
1.2634
1.26204
1.26047
1.25866
1.2565751
1.25426
1.25185
1.24965
1.24807
1.24747
1.24797
1.24928
1.25078
1.25171
1.2514473
1.24968
1.24649
1.24232
1.23793
1.23413
1.23153
1.23026
1.22999
1.23019
1.2305002
1.23093
1.23192
1.2342
1.23831
1.24426
1.25138
1.25867
1.26517
1.27026
1.2737102
1.27555
1.27594
1.2751
1.27324
1.27059
1.26734
1.26373
1.26001
1.25647
1.2534164
1.25111
1.24971
1.24925
1.24958
1.25043
1.25147
1.25238
1.25294
1.25301
1.2525783
1.25172
1.25058
1.24932
1.24811
1.2471
1.24637
1.24595
1.24576
1.24566
1.2453883
1.24463
1.24299
1.24004
1.2353
1.22838
1.21915
1.20819
1.19721
1.18901
1.1863021
1.18994
1.19838
1.20886
1.21912
1.22797
1.23509
1.24057
1.24466
1.24758
1.2495193
1.25064
1.25106
1.25088
1.25017
1.24898
1.24737
1.24539
1.24311
1.2406
1.2379667
1.23537
1.23296
1.23092
1.22938
1.22843
1.22806
1.22822
1.22877
1.2296
1.2305793
1.23163
1.2327
1.23377
1.23485
1.23595
1.23709
1.23827
1.23949
1.24075
1.2420105
1.24327
1.24449
1.24566
1.24676
1.24774
1.24859
1.24925
1.24969
1.24981
1.2495222
1.24867
1.24706
1.24447
1.24067
1.23553
1.22919
1.22227
1.21594
1.21177
1.2109578
1.21369
1.21904
1.22553
1.2319
1.23742
1.24186
1.2453
1.24793
1.24991
1.2513876
1.2524
1.25294
1.25291
1.25221
1.25075
1.2485
1.24561
1.2425
1.23981
1.2383037
1.23858
1.24078
1.24453
1.24911
1.25379
1.25801
1.26148
1.26413
1.26599
1.2671633
1.26775
1.2678
1.26735
1.26632
1.26461
1.26197
1.25812
1.25272
1.24556
1.2368645
1.22762
1.21972
1.21533
1.21562
1.21989
1.22612
1.23226
1.23709
1.24029
1.2421014
1.24296
1.24328
1.24339
1.24348
1.24364
1.24387
1.24413
1.24432
1.24433
1.2440502
1.24333
1.24199
1.23986
1.23672
1.23243
1.22698
1.2207
1.21444
1.20957
1.2075563
1.20926
1.2144
1.2217
1.22965
1.23709
1.24341
1.24847
1.25234
1.25521
1.2572727
1.25868
1.25958
1.26005
1.26017
1.25999
1.25956
1.25889
1.258
1.2569
1.2555895
1.25407
1.25234
1.25043
1.24836
1.24619
1.24401
1.24195
1.24014
1.23871
1.2377766
1.23738
1.23751
1.2381
1.239
1.2401
1.24125
1.24236
1.24333
1.24411
1.2446791
1.24501
1.24511
1.24499
1.24467
1.24418
1.24357
1.24289
1.24221
1.24156
1.2410027
1.24056
1.24025
1.24008
1.24005
1.24016
1.24044
1.24093
1.24166
1.24269
1.2440455
1.24574
1.24773
1.24994
1.25223
1.25444
1.2564
1.25797
1.25899
1.25937
1.2590752
1.25812
1.25659
1.25468
1.25261
1.25067
1.24911
1.24813
1.24782
1.24819
1.2491383
1.25049
1.25206
1.25367
1.25523
1.2567
1.25811
1.25952
1.26094
1.26234
1.2636235
1.26465
1.26526
1.26536
1.26487
1.26387
1.26249
1.261
1.25969
1.25883
1.2585979
1.25902
1.26003
1.26146
1.26317
1.26499
1.26682
1.26855
1.27011
1.27141
1.2724179
1.2731
1.27347
1.27356
1.27342
1.27315
1.27284
1.27259
1.27248
1.27257
1.2728859
1.2734
1.27406
1.27479
1.27554
1.27621
1.27676
1.27716
1.27741
1.27757
1.2776970
1.27786
1.27809
1.27831
1.27838
1.27815
1.27747
1.27628
1.27469
1.27291
1.2712143
1.26986
1.26896
1.26844
1.26809
1.26764
1.26684
1.26555
1.26377
1.26164
1.2594459
1.25755
1.25634
1.25607
1.25678
1.2582
1.25989
1.26134
1.26215
1.26207
1.2610730
1.2593
1.25703
1.25463
1.25247
1.25087
1.25007
1.25015
1.25104
1.25258
1.2545355
1.25666
1.25874
1.2606
1.26215
1.26332
1.26412
1.26459
1.26478
1.26476
1.2646154
1.2644
1.26417
1.26396
1.26382
1.26375
1.26377
1.26388
1.26408
1.26437
1.2647347
1.26519
1.26571
1.26631
1.26698
1.26768
1.26841
1.26912
1.26977
1.2703
1.2706293
1.27069
1.27038
1.26961
1.26829
1.26636
1.26376
1.26052
1.25675
1.25265
1.2485451
1.24483
1.24192
1.24014
1.23966
1.24047
1.24241
1.24525
1.24866
1.2523
1.2558347
1.25899
1.26158
1.26352
1.26482
1.26557
1.26588
1.26588
1.26569
1.26542
1.2651186
1.26484
1.26461
1.26442
1.26428
1.26419
1.26418
1.26426
1.26446
1.2648
1.2652839
1.26589
1.26656
1.26725
1.26786
1.26834
1.26865
1.26878
1.26875
1.26863
1.2685095
1.26847
1.2686
1.26895
1.26957
1.27044
1.27154
1.27283
1.27423
1.27571
1.2771943
1.27865
1.28005
1.28135
1.28255
1.28364
1.2846
1.28543
1.28614
1.28673
1.2871768
1.28749
1.28766
1.28767
1.28751
1.28714
1.28656
1.28572
1.28461
1.28318
1.2813831
1.27915
1.27641
1.27305
1.26901
1.26429
1.25904
1.25366
1.24884
1.24542
1.2442047
1.24555
1.24926
1.25463
1.26072
1.26668
1.27175
1.27539
1.27717
1.27688
1.2746603
1.27115
1.26757
1.2654
1.26575
1.26874
1.27351
1.27879
1.28358
1.28735
1.2899994
1.29168
1.29261
1.29304
1.29315
1.29311
1.29309
1.29322
1.29358
1.29424
1.2951670
1.29627
1.29738
1.29829
1.29873
1.29844
1.29718
1.29473
1.29091
1.28566
1.2790296
1.27132
1.26306
1.25504
1.24819
1.24332
1.24094
1.24113
1.24353
1.24757
1.2525880
1.258
1.26336
1.26836
1.27282
1.27665
1.27981
1.28232
1.2842
1.28549
1.2861917
1.28632
1.28585
1.28472
1.28284
1.28013
1.27651
1.27198
1.26671
1.26105
1.2555961
1.25103
1.24795
1.24664
1.24695
1.24839
1.25035
1.25227
1.25382
1.25487
1.2555132
1.25591
1.25624
1.25658
1.25694
1.2572
1.25722
1.25688
1.2561
1.25487
1.2532325
1.25129
1.24919
1.24709
1.24516
1.24349
1.24212
1.24098
1.23996
1.23902
1.2382494
1.23795
1.2385
1.24021
1.24308
1.24675
1.2507
1.25437
1.25737
1.25952
1.2608130
1.26134
1.26124
1.26069
1.25984
1.25882
1.25774
1.25669
1.25572
1.25489
1.2541946
1.25365
1.25325
1.25297
1.25278
1.25265
1.25253
1.25242
1.25226
1.25205
1.2517552
