0.0571235
0.0567134
0.0553338
0.0532733
0.0509975
0.0489158
0.0472649
0.0461206
0.0454587
0.0452183
0.0453364
0.0457592
0.0464459
0.0473664
0.048492
0.0497847
0.0511852
0.0526115
0.0539432
0.0550384
0.0557583
0.0559991
0.0557347
0.0550298
0.0540196
0.0528716
0.0517403
0.0507415
0.0499425
0.0493711
0.0490242
0.0488798
0.0489045
0.0490644
0.0493261
0.0496583
0.0500376
0.0504445
0.0508659
0.0512863
0.0516946
0.0520753
0.0524096
0.0526816
0.0528764
0.0529866
0.0530141
0.052976
0.0528991
0.0528200
0.0527797
0.0528209
0.0529742
0.0532534
0.0536429
0.0540818
0.054464
0.0546559
0.0545292
0.0540099
0.0531085
0.051918
0.0505772
0.0492266
0.047976
0.0468899
0.0459979
0.0453079
0.0448122
0.0444962
0.0443405
0.0443219
0.0444125
0.0445775
0.0447809
0.044994
0.0451912
0.0453585
0.0454925
0.0455951
0.0456745
0.0457356
0.0457865
0.0458467
0.0459544
0.046174
0.0465947
0.0473297
0.0484968
0.0502041
0.0524995
0.0553132
0.0583902
0.0612592
0.0633403
0.0641854
0.0637181
0.0622516
0.0602819
0.0582670
0.0565192
0.0552172
0.0544492
0.0542492
0.0546042
0.0554489
0.0566529
0.058017
0.0593014
0.0602887
0.0608561
0.0610127
0.0608753
0.0606034
0.0603258
0.0601164
0.0599944
0.0599528
0.0599777
0.0600654
0.0602338
0.0605157
0.0609574
0.0616064
0.062506
0.0636821
0.0651324
0.0668209
0.0686757
0.0705805
0.0723873
0.0739301
0.0750491
0.0756185
0.0755653
0.0748747
0.0735862
0.0717815
0.0695703
0.0670818
0.064462
0.0618621
0.0594277
0.0572887
0.0555454
0.0542655
0.0534825
0.0531941
0.0533673
0.0539389
0.0548247
0.0559354
0.0572031
0.0586071
0.0601813
0.061973
0.063946
0.0658417
0.0671139
0.0671025
0.0654523
0.0624192
0.0587071
0.055045
0.0518855
0.0493901
0.047532
0.0462032
0.0452869
0.0446787
0.0443009
0.0441059
0.0440757
0.0442162
0.044553
0.0451246
0.0459714
0.0471214
0.0485799
0.0503196
0.0522736
0.0543358
0.0563783
0.058266
0.0598823
0.0611387
0.0619847
0.062405
0.0624187
0.0620665
0.0613958
0.0604586
0.0593111
0.0580147
0.0566382
0.0552511
0.0539144
0.0526716
0.0515474
0.0505463
0.0496644
0.0488832
0.0481831
0.0475428
0.0469472
0.0463816
0.0458361
0.0453077
0.0447956
0.0443020
0.0438301
0.0433848
0.04297
0.0425879
0.0422408
0.0419293
0.0416544
0.0414126
0.0412043
0.0410262
0.040877
0.0407552
0.0406584
0.0405836
0.0405328
0.0405021
0.0404925
0.0405032
0.0405331
0.0405802
0.0406469
0.0407306
0.0408318
0.04095
0.0410835
0.0412322
0.0413938
0.0415683
0.0417552
0.0419501
0.0421563
0.0423701
0.0425941
0.0428291
0.043078
0.0433476
0.0436414
0.0439669
0.0443313
0.0447406
0.045196
0.045694
0.0462258
0.0467723
0.0473121
0.0478194
0.0482729
0.0486596
0.0489743
0.0492265
0.0494325
0.0496123
0.0497819
0.0499491
0.050115
0.0502682
0.0503941
0.0504742
0.0504898
0.0504254
0.0502715
0.0500293
0.0497097
0.0493366
0.0489476
0.0485861
0.0482986
0.0481298
0.0481144
0.0482719
0.0486031
0.0490818
0.0496547
0.0502526
0.0507987
0.0512341
0.0515333
0.0517136
0.0518287
0.0519486
0.0521378
0.0524354
0.0528486
0.0533531
0.053908
0.0544651
0.0549855
0.0554492
0.0558549
0.0562138
0.0565373
0.0568333
0.0570916
0.0572924
0.0574055
0.0574036
0.0572675
0.0569931
0.0565907
0.0560866
0.0555047
0.0548722
0.0542104
0.0535339
0.0528531
0.0521739
0.0515008
0.0508368
0.0501831
0.0495429
0.0489178
0.0483094
0.0477232
0.0471662
0.0466486
0.046184
0.0457868
0.0454775
0.0452789
0.0452189
0.0453281
0.0456403
0.0461875
0.0469992
0.0480881
0.0494346
0.0509636
0.0525248
0.053896
0.0548275
0.0551287
0.054747
0.0537922
0.0524693
0.0509924
0.0495241
0.0481616
0.0469504
0.0459101
0.0450469
0.0443637
0.0438629
0.0435393
0.0433876
0.0433962
0.0435486
0.0438218
0.0441889
0.0446206
0.0450851
0.0455559
0.0460134
0.0464477
0.0468645
0.0472798
0.0477203
0.0482144
0.0487876
0.0494609
0.0502406
0.0511249
0.0521073
0.0531736
0.0543118
0.0555149
0.056775
0.0580924
0.0594682
0.0609063
0.0624035
0.0639405
0.065464
0.0668804
0.0680692
0.0689294
0.0694435
0.0697097
0.0699182
0.0702814
0.0709650
0.0720384
0.073456
0.0750606
0.0766134
0.077866
0.0786453
0.0789157
0.0787713
0.0783533
0.0777559
0.0769649
0.0758479
0.0742206
0.0719619
0.069116
0.0659151
0.062678
0.0596966
0.0571601
0.0551503
0.0536654
0.0526698
0.0521025
0.0519007
0.0519983
0.0523269
0.0528071
0.0533528
0.0538679
0.0542595
0.0544462
0.0543799
0.0540586
0.0535298
0.0528787
0.0522057
0.0516063
0.0511493
0.050869
0.0507713
0.0508344
0.0510147
0.0512608
0.0515214
0.0517554
0.0519373
0.0520638
0.0521606
0.0522755
0.0524861
0.0528879
0.0535949
0.0547288
0.0564061
0.058711
0.0616234
0.0649037
0.0679784
0.0700058
0.0702457
0.0685301
0.0653699
0.0615631
0.0577602
0.0543113
0.0513349
0.0488301
0.0467567
0.0450697
0.0437256
0.0426906
0.0419341
0.0414302
0.0411571
0.041095
0.0412227
0.0415201
0.0419596
0.0425086
0.0431248
0.0437549
0.0443418
0.0448277
0.0451685
0.0453387
0.0453354
0.0451799
0.0449061
0.0445537
0.0441586
0.0437474
0.0433363
0.0429327
0.0425385
0.0421536
0.0417768
0.0414103
0.0410584
0.0407265
0.0404234
0.0401589
0.0399431
0.0397851
0.0396977
0.0396908
0.0397766
0.0399705
0.0402904
0.0407607
0.0414120
0.0422887
0.0434411
0.0449243
0.046786
0.0490357
0.0515933
0.054235
0.056574
0.0581541
0.0586463
0.0580323
0.0566079
0.0548047
0.0529877
0.0513685
0.050023
0.048946
0.0481
0.047446
0.0469561
0.0466242
0.0464619
0.046491
0.0467425
0.0472385
0.0479679
0.04887
0.0498076
0.0505769
0.0509544
0.050781
0.0500356
0.0488481
0.0474388
0.0460308
0.0447914
0.0438155
0.0431353
0.0427487
0.0426374
0.0427801
0.0431639
0.043788
0.0446685
0.045841
0.0473672
0.0493203
0.0517745
0.0547493
0.0581267
0.0615551
0.0644475
0.0661872
0.066496
0.0656236
0.064167
0.062706
0.0615797
0.0608797
0.0605476
0.0604685
0.0605294
0.0606451
0.0607616
0.0608565
0.0609307
0.0609984
0.0610875
0.0612301
0.0614638
0.0618305
0.0623748
0.0631463
0.064191
0.0655339
0.0671423
0.0688791
0.070457
0.0714562
0.0714541
0.0702389
0.0679377
0.0649423
0.0617045
0.05857
0.0557241
0.0532335
0.0510927
0.0492683
0.0477189
0.0464086
0.0453062
0.0443893
0.0436365
0.0430368
0.0425786
0.0422533
0.042057
0.0419837
0.0420324
0.0421981
0.0424736
0.0428507
0.0433118
0.0438325
0.0443792
0.0449092
0.0453772
0.0457406
0.0459650
0.0460377
0.0459642
0.0457687
0.0454911
0.0451749
0.0448612
0.044586
0.0443761
0.0442504
0.0442182
0.0442858
0.0444543
0.0447185
0.0450693
0.0454931
0.0459752
0.046495
0.0470328
0.0475675
0.0480843
0.0485703
0.0490172
0.0494205
0.049777
0.0500836
0.0503288
0.0505032
0.0505941
0.0505878
0.0504778
0.0502684
0.0499762
0.0496337
0.0492849
0.0489853
0.0487889
0.0487468
0.0488966
0.0492681
0.0498709
0.050691
0.0516911
0.0528085
0.0539639
0.0550668
0.056035
0.0568059
0.0573494
0.0576664
0.0577871
0.0577616
0.0576488
0.0574978
0.0573439
0.0571951
0.0570468
0.05689
0.056725
0.056567
0.0564484
0.0564121
0.0565017
0.0567474
0.0571554
0.0577043
0.0583386
0.0589773
0.0595267
0.0599052
0.0600631
0.0599907
0.0597147
0.0592818
0.058743
0.0581449
0.0575281
0.0569265
0.056373
0.0558922
0.0555031
0.0552147
0.0550267
0.0549264
0.0548987
0.0549143
0.0549434
0.0549569
0.0549273
0.0548406
0.0546894
0.0544818
0.0542326
0.0539632
0.0536984
0.0534574
0.0532604
0.0531137
0.0530149
0.0529509
0.0529029
0.0528557
0.0528064
0.0527803
0.0528187
0.0529695
0.0532705
0.0537282
0.0543069
0.0549385
0.0555365
0.0560294
0.0563878
0.0566332
0.0568278
0.0570491
0.0573598
0.0577924
0.0583378
0.0589446
0.0595234
0.0599568
0.0601357
0.0599887
0.0595205
0.0588117
0.0580027
0.0572449
0.0566544
0.0562979
0.0561838
0.0562642
0.0564534
0.0566449
0.0567258
0.0566014
0.0562119
0.0555405
0.05461
0.0534774
0.0522203
0.0509146
0.0496341
0.0484323
0.0473454
0.0463929
0.0455771
0.0448918
0.0443208
0.0438427
0.0434386
0.0430887
0.042777
0.0424906
0.0422203
0.0419594
0.0417055
0.0414574
0.0412159
0.0409828
0.0407595
0.0405479
0.0403508
0.0401718
0.0400154
0.0398891
0.0398041
0.039773
0.039811
0.0399382
0.0401780
0.040554
0.0410917
0.0418144
0.0427424
0.0438903
0.0452537
0.0468108
0.0485124
0.0502743
0.0519839
0.0535068
0.0547151
0.0555081
0.0558399
0.0557181
0.0551958
0.0543581
0.0533119
0.0521694
0.0510407
0.0500158
0.0491567
0.0484916
0.0480199
0.0477198
0.0475585
0.0474997
0.047505
0.0475462
0.0476017
0.0476597
0.0477117
0.0477568
0.0477912
0.0478132
0.0478164
0.0477919
0.0477324
0.0476329
0.0474919
0.0473174
0.0471246
0.0469333
0.0467646
0.046637
0.0465596
0.0465341
0.0465494
0.0465846
0.0466137
0.0466087
0.0465453
0.0464057
0.0461831
0.0458807
0.0455095
0.045087
0.044634
0.0441735
0.0437238
0.0433033
0.0429259
0.0426021
0.0423425
0.042154
0.0420423
0.0420106
0.0420623
0.0421993
0.0424262
0.0427444
0.0431585
0.0436743
0.0442953
0.0450262
0.0458761
0.0468499
0.0479531
0.0491949
0.0505840
0.0521324
0.0538565
0.0557699
0.057878
0.0601563
0.062529
0.0648497
0.0668938
0.068398
0.0691378
0.0690229
0.0681357
0.0667004
0.0650012
0.0633073
0.0618459
0.0607923
0.0602684
0.0603265
0.0609048
0.0617836
0.062585
0.0628782
0.0623714
0.061065
0.0592341
0.0572489
0.0554055
0.0538599
0.0526485
0.0517422
0.0510839
0.0506125
0.0502732
0.0500161
0.0497972
0.0495786
0.0493347
0.049053
0.0487474
0.0484499
0.0482172
0.0481189
0.0482331
0.0486377
0.049404
0.0505906
0.0522339
0.0543351
0.0568462
0.0596507
0.0625531
0.0652937
0.0675814
0.0691636
0.0698923
0.0697552
0.0688621
0.0673954
0.0655550
0.0635252
0.0614538
0.0594461
0.0575753
0.0558857
0.0543998
0.0531304
0.0520802
0.051251
0.0506463
0.050271
0.0501368
0.0502631
0.0506723
0.0513882
0.0524189
0.0537455
0.0553014
0.0569582
0.0585249
0.0597894
0.0605759
0.0608113
0.0605478
0.0599326
0.059149
0.0583547
0.0576503
0.0570682
0.0565939
0.0561801
0.0557863
0.0553912
0.0550063
0.0546651
0.0544104
0.0542771
0.0542855
0.0544351
0.0547090
0.0550706
0.055473
0.0558636
0.0561915
0.0564243
0.0565509
0.056588
0.0565586
0.0564708
0.0562857
0.0559104
0.0552381
0.0541974
0.0528117
0.0511972
0.0495262
0.0479662
0.0466366
0.0455972
0.0448582
0.0443967
0.0441711
0.0441335
0.0442391
0.0444446
0.0447146
0.0450207
0.0453388
0.0456537
0.0459558
0.0462413
0.046511
0.0467685
0.0470202
0.0472738
0.0475378
0.0478181
0.0481214
0.0484535
0.0488184
