1.78833
1.78796
1.79268
1.80116
1.81102
1.8201
1.82717
1.83188
1.83439
1.8350396
1.83419
1.83212
1.829
1.82494
1.82001
1.81433
1.8081
1.80163
1.79545
1.7902019
1.78658
1.78512
1.78601
1.78899
1.79341
1.79849
1.80345
1.80774
1.81107
1.8133176
1.81454
1.81486
1.81447
1.81352
1.8122
1.81063
1.80893
1.80717
1.8054
1.8036550
1.80198
1.80043
1.79907
1.79799
1.79724
1.79687
1.79686
1.79716
1.79763
1.7980920
1.79834
1.79817
1.79739
1.7959
1.79374
1.79117
1.78866
1.78689
1.78653
1.7880218
1.79138
1.79618
1.80176
1.80743
1.81268
1.8172
1.82089
1.82373
1.82581
1.8272098
1.82803
1.8284
1.82845
1.82834
1.82824
1.82832
1.82868
1.82939
1.83047
1.8319119
1.83368
1.83577
1.83815
1.84076
1.84344
1.84591
1.84773
1.84834
1.84708
1.8433227
1.83666
1.8272
1.81597
1.80516
1.79768
1.79598
1.80069
1.81036
1.8225
1.8347609
1.84559
1.85414
1.86005
1.86321
1.86369
1.86177
1.85805
1.85345
1.84916
1.8462807
1.84548
1.84673
1.84946
1.85283
1.85616
1.85906
1.86144
1.86338
1.86498
1.8663080
1.8673
1.8678
1.8676
1.86642
1.86403
1.86027
1.85506
1.84849
1.84085
1.8326011
1.82441
1.81702
1.8112
1.80756
1.80647
1.80803
1.81207
1.81825
1.8261
1.8350619
1.84451
1.85381
1.86231
1.86947
1.87485
1.87817
1.8793
1.87826
1.87521
1.8704516
1.86437
1.85739
1.84982
1.8417
1.83278
1.82261
1.81114
1.79936
1.78991
1.7862572
1.79064
1.80217
1.81736
1.8324
1.84493
1.85416
1.86034
1.86412
1.8662
1.8671681
1.86745
1.86731
1.86684
1.86603
1.86471
1.86266
1.85964
1.85544
1.84994
1.8431854
1.83539
1.82699
1.81851
1.81056
1.80365
1.79817
1.79434
1.79221
1.79168
1.7925455
1.79458
1.79755
1.80123
1.80536
1.80967
1.81384
1.81762
1.82083
1.8234
1.8253042
1.82663
1.82748
1.82797
1.82821
1.82832
1.82835
1.82837
1.82841
1.82847
1.8285379
1.82861
1.82867
1.82869
1.82866
1.82858
1.82844
1.82826
1.82802
1.82775
1.8274509
1.82713
1.8268
1.82647
1.82613
1.82581
1.82549
1.82518
1.82488
1.8246
1.8243257
1.82406
1.82381
1.82357
1.82334
1.82312
1.82291
1.82272
1.82255
1.8224
1.8222717
1.82217
1.8221
1.82206
1.82203
1.822
1.82194
1.82182
1.82161
1.82126
1.8207393
1.82002
1.81911
1.81804
1.81687
1.81571
1.81467
1.81386
1.81334
1.81314
1.8131994
1.81344
1.81377
1.81409
1.81436
1.81459
1.81481
1.81511
1.81559
1.81634
1.8174461
1.81898
1.82095
1.82334
1.82603
1.82888
1.83168
1.83423
1.83629
1.83771
1.8383505
1.83822
1.8374
1.83615
1.83478
1.83368
1.83314
1.83332
1.83413
1.83531
1.8364959
1.83734
1.83763
1.83731
1.83646
1.8353
1.83404
1.83289
1.83193
1.83116
1.8305027
1.82987
1.8292
1.82852
1.82792
1.82754
1.82753
1.82799
1.82895
1.83038
1.8321685
1.8342
1.83636
1.83856
1.84074
1.84287
1.84495
1.84696
1.84891
1.85082
1.8526975
1.85455
1.85637
1.85818
1.85993
1.86162
1.8632
1.86459
1.86573
1.86652
1.8668238
1.86649
1.86536
1.86322
1.85991
1.85528
1.84936
1.84241
1.83511
1.82851
1.8238845
1.82229
1.82408
1.82881
1.83545
1.84291
1.85037
1.85736
1.86368
1.86928
1.8741777
1.87838
1.8819
1.88477
1.88702
1.8887
1.8899
1.8907
1.89123
1.89161
1.8919981
1.89251
1.89323
1.89421
1.89543
1.8968
1.89819
1.89946
1.90046
1.90109
1.9013088
1.90111
1.90052
1.89958
1.89835
1.89686
1.8951
1.89306
1.8907
1.88798
1.8848626
1.88139
1.87778
1.87448
1.8721
1.8712
1.87195
1.87392
1.87617
1.87756
1.8771709
1.87453
1.86974
1.86349
1.8569
1.8512
1.8473
1.84539
1.84498
1.84529
1.8457502
1.84639
1.84789
1.8513
1.85747
1.86639
1.87708
1.88801
1.89776
1.90539
1.9105654
1.91332
1.9139
1.91264
1.90987
1.90588
1.90101
1.89559
1.89001
1.88471
1.8801246
1.87666
1.87456
1.87387
1.87437
1.87564
1.8772
1.87858
1.87941
1.87951
1.8788674
1.87758
1.87587
1.87398
1.87216
1.87064
1.86955
1.86892
1.86864
1.86849
1.8680825
1.86694
1.86449
1.86005
1.85295
1.84257
1.82872
1.81228
1.79581
1.78352
1.7794531
1.78492
1.79756
1.81329
1.82869
1.84196
1.85263
1.86086
1.86698
1.87136
1.8742790
1.87596
1.8766
1.87632
1.87525
1.87347
1.87106
1.86809
1.86466
1.86089
1.8569501
1.85305
1.84944
1.84638
1.84407
1.84264
1.8421
1.84233
1.84316
1.8444
1.8458689
1.84744
1.84904
1.85065
1.85228
1.85393
1.85564
1.85741
1.85924
1.86112
1.8630157
1.8649
1.86674
1.8685
1.87013
1.87161
1.87288
1.87388
1.87453
1.87472
1.8742833
1.873
1.87059
1.8667
1.861
1.8533
1.84379
1.8334
1.82392
1.81766
1.8164367
1.82054
1.82856
1.8383
1.84785
1.85613
1.86279
1.86796
1.87189
1.87487
1.8770814
1.8786
1.8794
1.87936
1.87832
1.87612
1.87275
1.86842
1.86375
1.85971
1.8574555
1.85787
1.86117
1.86679
1.87366
1.88068
1.88701
1.89222
1.89619
1.89898
1.9007449
1.90162
1.9017
1.90102
1.89948
1.89691
1.89296
1.88718
1.87908
1.86835
1.8552967
1.84143
1.82958
1.823
1.82343
1.82984
1.83918
1.84839
1.85563
1.86044
1.8631521
1.86443
1.86492
1.86508
1.86522
1.86546
1.86581
1.86619
1.86647
1.8665
1.8660753
1.86499
1.86299
1.85978
1.85508
1.84865
1.84047
1.83105
1.82167
1.81435
1.8113344
1.81389
1.8216
1.83255
1.84448
1.85564
1.86512
1.8727
1.87851
1.88282
1.8859090
1.88803
1.88936
1.89007
1.89025
1.88998
1.88933
1.88833
1.887
1.88535
1.8833842
1.8811
1.87852
1.87564
1.87254
1.86928
1.86602
1.86293
1.86021
1.85807
1.8566649
1.85607
1.85627
1.85714
1.8585
1.86015
1.86188
1.86353
1.86499
1.86617
1.8670186
1.86752
1.86767
1.86749
1.867
1.86627
1.86535
1.86434
1.86331
1.86234
1.8615041
1.86084
1.86038
1.86012
1.86007
1.86024
1.86066
1.86139
1.86249
1.86403
1.8660683
1.86861
1.8716
1.87491
1.87834
1.88166
1.88461
1.88695
1.88848
1.88906
1.8886128
1.88718
1.88489
1.88202
1.87892
1.87601
1.87367
1.87219
1.87173
1.87229
1.8737074
1.87574
1.87809
1.88051
1.88285
1.88505
1.88717
1.88928
1.89141
1.89351
1.8954352
1.89697
1.8979
1.89803
1.89731
1.8958
1.89374
1.89151
1.88954
1.88825
1.8878968
1.88854
1.89004
1.8922
1.89475
1.89749
1.90023
1.90283
1.90516
1.90712
1.9086269
1.90965
1.9102
1.91033
1.91013
1.90973
1.90926
1.90888
1.90872
1.90886
1.9093289
1.9101
1.91108
1.91219
1.9133
1.91432
1.91514
1.91574
1.91612
1.91635
1.9165455
1.9168
1.91713
1.91746
1.91758
1.91723
1.9162
1.91442
1.91203
1.90936
1.9068215
1.90479
1.90344
1.90266
1.90214
1.90146
1.90026
1.89832
1.89566
1.89247
1.8891688
1.88632
1.88451
1.88411
1.88517
1.8873
1.88984
1.89202
1.89322
1.89311
1.8916095
1.88895
1.88555
1.88195
1.8787
1.87631
1.87511
1.87522
1.87656
1.87887
1.8818033
1.88499
1.88811
1.89091
1.89322
1.89498
1.89618
1.89688
1.89717
1.89715
1.8969231
1.8966
1.89625
1.89595
1.89573
1.89563
1.89566
1.89582
1.89612
1.89655
1.8971020
1.89778
1.89857
1.89947
1.90047
1.90153
1.90262
1.90368
1.90466
1.90545
1.9059439
1.90603
1.90557
1.90442
1.90244
1.89953
1.89564
1.89078
1.88512
1.87897
1.8728176
1.86725
1.86289
1.86021
1.85949
1.8607
1.86362
1.86788
1.87299
1.87845
1.8837521
1.88848
1.89236
1.89527
1.89723
1.89835
1.89881
1.89882
1.89854
1.89812
1.8976779
1.89726
1.89691
1.89663
1.89642
1.89629
1.89626
1.89638
1.89669
1.8972
1.8979259
1.89883
1.89985
1.90087
1.90179
1.90251
1.90297
1.90316
1.90313
1.90295
1.9027643
1.9027
1.90289
1.90343
1.90435
1.90566
1.90732
1.90924
1.91135
1.91356
1.9157914
1.91798
1.92007
1.92203
1.92383
1.92545
1.9269
1.92815
1.92922
1.93009
1.9307652
1.93124
1.93149
1.93151
1.93126
1.93071
1.92984
1.92859
1.92692
1.92477
1.9220747
1.91873
1.91461
1.90958
1.90352
1.89644
1.88856
1.88049
1.87325
1.86813
1.8663071
1.86833
1.87389
1.88194
1.89109
1.90001
1.90763
1.91309
1.91576
1.91533
1.9119904
1.90672
1.90135
1.8981
1.89862
1.90311
1.91026
1.91819
1.92538
1.93102
1.9349991
1.93752
1.93892
1.93956
1.93972
1.93967
1.93964
1.93983
1.94037
1.94136
1.9427505
1.94441
1.94608
1.94743
1.94809
1.94766
1.94578
1.9421
1.93637
1.92848
1.9185444
1.90698
1.89459
1.88257
1.87228
1.86497
1.86141
1.86169
1.8653
1.87136
1.8788820
1.887
1.89504
1.90255
1.90924
1.91498
1.91972
1.92348
1.9263
1.92823
1.9292875
1.92948
1.92877
1.92707
1.92426
1.92019
1.91476
1.90797
1.90006
1.89158
1.8833941
1.87654
1.87192
1.86995
1.87042
1.87259
1.87552
1.87841
1.88072
1.88231
1.8832698
1.88387
1.88435
1.88488
1.88541
1.8858
1.88584
1.88532
1.88415
1.8823
1.8798488
1.87694
1.87379
1.87064
1.86773
1.86523
1.86318
1.86147
1.85995
1.85853
1.8573741
1.85692
1.85776
1.86032
1.86462
1.87013
1.87605
1.88155
1.88606
1.88929
1.8912196
1.892
1.89186
1.89104
1.88976
1.88823
1.88661
1.88503
1.88359
1.88233
1.8812919
1.88048
1.87988
1.87946
1.87917
1.87897
1.8788
1.87862
1.87839
1.87807
1.8776328
