-0.284402
-0.284556
-0.289741
-0.298469
-0.308339
-0.317272
-0.324121
-0.328585
-0.330882
-0.3313737
-0.330394
-0.328208
-0.32499
-0.32084
-0.315832
-0.310082
-0.303817
-0.297351
-0.291233
-0.2861271
-0.282699
-0.281476
-0.282598
-0.285751
-0.29028
-0.295369
-0.300285
-0.304496
-0.307721
-0.3098689
-0.310993
-0.311231
-0.310772
-0.309783
-0.308422
-0.306839
-0.305127
-0.303362
-0.30158
-0.2998439
-0.29818
-0.296643
-0.295321
-0.294271
-0.293561
-0.293226
-0.293262
-0.293578
-0.294051
-0.2944977
-0.294717
-0.29448
-0.293627
-0.292067
-0.289842
-0.287238
-0.284779
-0.283127
-0.282947
-0.2846295
-0.288147
-0.293054
-0.298678
-0.304339
-0.309518
-0.313954
-0.317552
-0.320313
-0.322308
-0.3236387
-0.324412
-0.324747
-0.324773
-0.324664
-0.3246
-0.324698
-0.325088
-0.325836
-0.326954
-0.3284392
-0.330243
-0.332358
-0.334767
-0.337396
-0.340078
-0.342502
-0.344232
-0.344677
-0.343206
-0.3391726
-0.332208
-0.32251
-0.311205
-0.300594
-0.293603
-0.292558
-0.297865
-0.307907
-0.320156
-0.3323268
-0.342948
-0.351245
-0.356887
-0.35977
-0.359987
-0.357858
-0.354002
-0.349387
-0.345197
-0.3425082
-0.341919
-0.343355
-0.346192
-0.349581
-0.352875
-0.355716
-0.358053
-0.359953
-0.361524
-0.3628202
-0.363765
-0.364207
-0.363911
-0.36263
-0.360117
-0.356196
-0.350836
-0.344152
-0.33642
-0.3281470
-0.319996
-0.312735
-0.307113
-0.303717
-0.302883
-0.304688
-0.308956
-0.315318
-0.323294
-0.3323324
-0.341797
-0.351041
-0.359444
-0.366446
-0.371634
-0.374739
-0.375641
-0.374392
-0.371163
-0.3662597
-0.360079
-0.353032
-0.345403
-0.337215
-0.328169
-0.317863
-0.306289
-0.294607
-0.285569
-0.2826620
-0.287864
-0.299928
-0.315255
-0.330128
-0.342352
-0.351262
-0.357168
-0.36076
-0.362706
-0.3635869
-0.363819
-0.363646
-0.36315
-0.362286
-0.360905
-0.358778
-0.355646
-0.351315
-0.345689
-0.3388155
-0.330938
-0.3225
-0.31405
-0.306185
-0.299407
-0.294093
-0.290437
-0.288482
-0.288106
-0.2890933
-0.291229
-0.294284
-0.298018
-0.302181
-0.306482
-0.310628
-0.314361
-0.317517
-0.320016
-0.3218814
-0.323149
-0.323951
-0.324404
-0.324636
-0.324721
-0.324747
-0.324774
-0.324811
-0.32487
-0.3249410
-0.325015
-0.325068
-0.325082
-0.325055
-0.324974
-0.32484
-0.324642
-0.324411
-0.324134
-0.3238342
-0.323514
-0.323178
-0.322839
-0.322518
-0.322187
-0.321877
-0.32157
-0.32127
-0.320981
-0.3207181
-0.320452
-0.320204
-0.319961
-0.319725
-0.319504
-0.319292
-0.319105
-0.318931
-0.31877
-0.3186561
-0.318549
-0.318484
-0.318436
-0.318404
-0.318374
-0.318301
-0.318175
-0.317953
-0.317593
-0.3170485
-0.316311
-0.315383
-0.31429
-0.313126
-0.311976
-0.310965
-0.310187
-0.309691
-0.309512
-0.3095915
-0.309848
-0.310177
-0.310496
-0.310772
-0.310992
-0.311225
-0.311543
-0.312043
-0.312824
-0.3139752
-0.315557
-0.317572
-0.31999
-0.322711
-0.325559
-0.328338
-0.330837
-0.33284
-0.33418
-0.3347606
-0.334556
-0.333683
-0.332402
-0.331041
-0.329983
-0.329512
-0.329753
-0.33061
-0.331805
-0.3329709
-0.333771
-0.333999
-0.33361
-0.332727
-0.33154
-0.330287
-0.329151
-0.328212
-0.327454
-0.3267931
-0.326161
-0.325487
-0.324818
-0.324236
-0.323892
-0.323919
-0.324422
-0.325429
-0.326905
-0.3287113
-0.330759
-0.332924
-0.335118
-0.337293
-0.339418
-0.341487
-0.343498
-0.345453
-0.34737
-0.3492435
-0.351083
-0.352908
-0.354707
-0.356463
-0.358144
-0.359698
-0.361078
-0.362194
-0.362944
-0.3631945
-0.362793
-0.361559
-0.359316
-0.355875
-0.351117
-0.345075
-0.338056
-0.330765
-0.3243
-0.3199345
-0.318664
-0.320791
-0.325756
-0.332519
-0.34001
-0.34744
-0.354366
-0.36062
-0.366151
-0.3709751
-0.375109
-0.378553
-0.381357
-0.383547
-0.38518
-0.386326
-0.387093
-0.387603
-0.38798
-0.3883753
-0.388903
-0.389648
-0.390657
-0.391891
-0.393272
-0.394657
-0.395902
-0.39688
-0.39747
-0.3976464
-0.397411
-0.396778
-0.395816
-0.394569
-0.393041
-0.39126
-0.38919
-0.386801
-0.384036
-0.3808760
-0.377379
-0.373784
-0.370546
-0.368284
-0.367549
-0.368458
-0.370515
-0.372727
-0.373977
-0.3733733
-0.370502
-0.365529
-0.359183
-0.352629
-0.347085
-0.343385
-0.341663
-0.341364
-0.341709
-0.3421847
-0.34287
-0.344515
-0.348181
-0.354634
-0.363798
-0.374583
-0.38546
-0.395029
-0.402424
-0.4073298
-0.409861
-0.410238
-0.408813
-0.405903
-0.401821
-0.39687
-0.391416
-0.385841
-0.380595
-0.3761055
-0.372766
-0.370813
-0.370255
-0.370853
-0.372182
-0.373748
-0.375073
-0.375829
-0.375869
-0.3751635
-0.373823
-0.372073
-0.370174
-0.368383
-0.366901
-0.365858
-0.365273
-0.36501
-0.364849
-0.3643929
-0.363159
-0.360539
-0.355862
-0.348451
-0.33772
-0.323564
-0.306968
-0.290708
-0.279078
-0.2759653
-0.282313
-0.295466
-0.311294
-0.326529
-0.339548
-0.349954
-0.35795
-0.363893
-0.368108
-0.3708985
-0.37247
-0.373007
-0.37265
-0.371502
-0.369649
-0.367179
-0.364157
-0.36069
-0.356894
-0.3529380
-0.34905
-0.345479
-0.342487
-0.340265
-0.33892
-0.338455
-0.33875
-0.339631
-0.340901
-0.3423832
-0.343959
-0.345561
-0.347171
-0.348798
-0.350458
-0.352176
-0.353955
-0.355788
-0.357668
-0.3595654
-0.361445
-0.363275
-0.365031
-0.366653
-0.368111
-0.369359
-0.370328
-0.370937
-0.371068
-0.3705698
-0.369187
-0.366635
-0.362583
-0.356694
-0.348793
-0.339143
-0.32874
-0.319478
-0.313662
-0.3129935
-0.317579
-0.325885
-0.335681
-0.345134
-0.353256
-0.359768
-0.364801
-0.368631
-0.371519
-0.3736629
-0.375115
-0.375827
-0.3757
-0.374552
-0.37223
-0.36875
-0.364352
-0.35969
-0.355774
-0.3537493
-0.354452
-0.358024
-0.363827
-0.370763
-0.377743
-0.383978
-0.389057
-0.392902
-0.395589
-0.3972548
-0.39805
-0.398058
-0.39729
-0.39566
-0.392974
-0.388857
-0.382873
-0.374514
-0.363515
-0.3502882
-0.33647
-0.325003
-0.319093
-0.320211
-0.327065
-0.336532
-0.345611
-0.352614
-0.35718
-0.3597164
-0.360894
-0.361335
-0.36149
-0.361642
-0.361902
-0.362257
-0.362643
-0.362913
-0.362904
-0.3624251
-0.361253
-0.359147
-0.355814
-0.350951
-0.344329
-0.335998
-0.326518
-0.317238
-0.310251
-0.3077464
-0.310866
-0.318997
-0.330155
-0.342075
-0.353081
-0.362382
-0.369775
-0.375423
-0.379595
-0.3825811
-0.384611
-0.385881
-0.386519
-0.386661
-0.386351
-0.385658
-0.384624
-0.383256
-0.381582
-0.3795804
-0.377265
-0.374654
-0.371753
-0.368626
-0.365365
-0.362106
-0.35904
-0.356368
-0.354284
-0.3529592
-0.35244
-0.352705
-0.353639
-0.355043
-0.35671
-0.35845
-0.360094
-0.361526
-0.362662
-0.3634780
-0.363944
-0.36405
-0.363825
-0.363309
-0.362562
-0.361631
-0.36061
-0.359574
-0.35862
-0.3577943
-0.357147
-0.356705
-0.356474
-0.356453
-0.356635
-0.35709
-0.357852
-0.358984
-0.360573
-0.3626626
-0.36525
-0.368279
-0.371612
-0.37506
-0.378356
-0.381254
-0.383508
-0.384957
-0.385434
-0.3848758
-0.383335
-0.380968
-0.378056
-0.37495
-0.372074
-0.369807
-0.368436
-0.368087
-0.368738
-0.3702287
-0.372308
-0.374675
-0.377102
-0.379412
-0.381601
-0.383718
-0.385831
-0.387959
-0.390046
-0.3919424
-0.393434
-0.394289
-0.394342
-0.393546
-0.391978
-0.38989
-0.387661
-0.385748
-0.384546
-0.3842934
-0.385032
-0.386621
-0.388824
-0.391399
-0.394137
-0.396864
-0.399449
-0.401744
-0.403661
-0.4051192
-0.406091
-0.406586
-0.406685
-0.406446
-0.406029
-0.405573
-0.405213
-0.405089
-0.405252
-0.4057509
-0.406536
-0.407541
-0.408658
-0.409759
-0.410763
-0.411559
-0.412131
-0.412497
-0.412727
-0.4129273
-0.413186
-0.413543
-0.413862
-0.413939
-0.41353
-0.412422
-0.410568
-0.408137
-0.405456
-0.4029583
-0.400999
-0.399717
-0.398989
-0.398476
-0.397754
-0.396484
-0.394474
-0.391746
-0.38853
-0.3852474
-0.382491
-0.3808
-0.380554
-0.381733
-0.38395
-0.38649
-0.388581
-0.389663
-0.389406
-0.3877730
-0.385018
-0.381578
-0.37798
-0.374801
-0.372528
-0.371462
-0.371699
-0.373145
-0.375539
-0.3785053
-0.381709
-0.384798
-0.387546
-0.389805
-0.391502
-0.392658
-0.39331
-0.393555
-0.393517
-0.3932846
-0.39296
-0.39262
-0.392323
-0.392112
-0.392024
-0.392067
-0.392246
-0.39256
-0.392998
-0.3935597
-0.394243
-0.39504
-0.395944
-0.396943
-0.398012
-0.399098
-0.400154
-0.401117
-0.401892
-0.4023573
-0.402399
-0.401876
-0.400658
-0.398609
-0.395601
-0.391608
-0.386667
-0.380939
-0.37477
-0.3686434
-0.363175
-0.358957
-0.356478
-0.355949
-0.35734
-0.360414
-0.364782
-0.369952
-0.375424
-0.3806910
-0.385352
-0.389136
-0.391942
-0.393804
-0.394856
-0.39527
-0.395225
-0.394926
-0.394508
-0.3940703
-0.393659
-0.39332
-0.393039
-0.392837
-0.392713
-0.392696
-0.392832
-0.393154
-0.393682
-0.3944309
-0.395357
-0.396379
-0.397397
-0.398304
-0.398998
-0.399436
-0.399597
-0.399533
-0.399351
-0.3991719
-0.399135
-0.399358
-0.399934
-0.400901
-0.402246
-0.403932
-0.405884
-0.408017
-0.410227
-0.4124537
-0.414623
-0.416693
-0.418639
-0.420425
-0.422035
-0.423456
-0.424692
-0.425738
-0.426598
-0.4272531
-0.427709
-0.427945
-0.427929
-0.427649
-0.427087
-0.426174
-0.424881
-0.423171
-0.42097
-0.4182104
-0.414798
-0.410597
-0.405473
-0.399307
-0.392122
-0.384196
-0.376161
-0.369076
-0.364235
-0.3627806
-0.365185
-0.371057
-0.379284
-0.388463
-0.397306
-0.404734
-0.409925
-0.412296
-0.41156
-0.4079768
-0.402602
-0.397339
-0.394404
-0.395337
-0.400171
-0.407491
-0.41541
-0.422465
-0.427945
-0.4317674
-0.434155
-0.435461
-0.436033
-0.436161
-0.436105
-0.436089
-0.436306
-0.436889
-0.437924
-0.4393434
-0.441016
-0.442668
-0.443971
-0.444539
-0.443986
-0.441941
-0.43807
-0.43213
-0.424032
-0.4139048
-0.402211
-0.389811
-0.377895
-0.367846
-0.360884
-0.357713
-0.358365
-0.362268
-0.368508
-0.3761281
-0.384267
-0.392265
-0.399702
-0.406304
-0.411939
-0.416588
-0.420251
-0.422986
-0.424828
-0.4257970
-0.425904
-0.425107
-0.42331
-0.420389
-0.416185
-0.410613
-0.403704
-0.395715
-0.387214
-0.3791148
-0.372448
-0.368089
-0.366391
-0.367069
-0.369358
-0.372319
-0.375165
-0.37741
-0.378935
-0.3798418
-0.380425
-0.380914
-0.381447
-0.381976
-0.382341
-0.382325
-0.381752
-0.380512
-0.3786
-0.3760806
-0.373132
-0.369969
-0.366835
-0.363971
-0.361512
-0.3595
-0.357815
-0.356315
-0.354914
-0.3537926
-0.353443
-0.354433
-0.35719
-0.361634
-0.367229
-0.373139
-0.378559
-0.382942
-0.386041
-0.3878543
-0.38853
-0.388302
-0.387422
-0.386105
-0.384557
-0.382935
-0.381355
-0.379924
-0.378692
-0.3776863
-0.376906
-0.376328
-0.375923
-0.375648
-0.37545
-0.375277
-0.375096
-0.374863
-0.374535
-0.3740811
