1.50393
1.50341
1.50294
1.50269
1.50268
1.50283
1.50305
1.5033
1.50351
1.50366589
1.5038
1.50391
1.50401
1.5041
1.50418
1.50425
1.50428
1.50428
1.50422
1.50407484
1.50388
1.50365
1.50341
1.50324
1.50313
1.50312
1.50316
1.50325
1.50335
1.50344866
1.50355
1.50363
1.50369
1.50374
1.50378
1.50379
1.5038
1.50381
1.50382
1.50381110
1.5038
1.50379
1.50375
1.50371
1.50368
1.50364
1.5036
1.50358
1.50358
1.50359428
1.50362
1.50369
1.50376
1.50383
1.5039
1.50393
1.50388
1.50376
1.50358
1.50339228
1.50323
1.50312
1.50308
1.50309
1.50316
1.50325
1.50333
1.50342
1.5035
1.50357106
1.50362
1.50365
1.50367
1.50368
1.50364
1.50362
1.50359
1.50355
1.50352
1.50347270
1.50344
1.50341
1.50338
1.50336
1.50336
1.50341
1.5035
1.50366
1.50387
1.50415009
1.50445
1.50469
1.50477
1.50457
1.50408
1.50342
1.50282
1.50246
1.50234
1.50243408
1.50264
1.5029
1.50317
1.50344
1.5037
1.50391
1.50404
1.50407
1.50396
1.50377254
1.50356
1.50338
1.50327
1.50325
1.50328
1.50334
1.50338
1.50342
1.50346
1.50348783
1.50354
1.5036
1.50369
1.50379
1.50392
1.50407
1.50422
1.50434
1.50443
1.50445410
1.50441
1.50429
1.50409
1.50384
1.50358
1.50334
1.50312
1.50294
1.50281
1.50272946
1.50272
1.50277
1.50287
1.50302
1.50321
1.50343
1.50366
1.50387
1.50405
1.50419188
1.50429
1.50436
1.50442
1.50449
1.50461
1.50475
1.50485
1.50476
1.50434
1.50359525
1.50278
1.50224
1.5021
1.50228
1.50258
1.5029
1.50317
1.50336
1.5035
1.50358127
1.50363
1.50366
1.50369
1.50374
1.5038
1.50388
1.504
1.50413
1.50426
1.50436994
1.50446
1.50449
1.50446
1.50437
1.50424
1.50408
1.50391
1.50373
1.50357
1.50345228
1.50335
1.50326
1.50321
1.50318
1.50318
1.50321
1.50326
1.50332
1.50338
1.50342282
1.50348
1.50353
1.50356
1.50358
1.50359
1.5036
1.5036
1.5036
1.5036
1.50359686
1.5036
1.5036
1.5036
1.50361
1.50361
1.5036
1.50361
1.50361
1.50362
1.50361670
1.50362
1.50362
1.50363
1.50362
1.50362
1.50361
1.50361
1.50361
1.50362
1.50360753
1.50361
1.50361
1.50361
1.50362
1.50362
1.50362
1.50362
1.50362
1.50363
1.50361561
1.50362
1.50362
1.50362
1.50362
1.50362
1.50364
1.50365
1.50366
1.50367
1.50369080
1.50371
1.50373
1.50375
1.50375
1.50374
1.50371
1.50367
1.50365
1.50363
1.50360790
1.5036
1.50359
1.5036
1.50359
1.5036
1.50359
1.50357
1.50354
1.50351
1.50347092
1.50342
1.50338
1.50334
1.50332
1.50332
1.50335
1.50339
1.50345
1.50352
1.50358994
1.50366
1.50372
1.50375
1.50374
1.50369
1.50363
1.50356
1.50352
1.50351
1.50352501
1.50357
1.50364
1.5037
1.50373
1.50376
1.50375
1.50374
1.50371
1.5037
1.50370958
1.50371
1.50372
1.50371
1.50369
1.50365
1.50361
1.50356
1.50352
1.50347
1.50345720
1.50344
1.50344
1.50344
1.50345
1.50346
1.50346
1.50346
1.50346
1.50345
1.50345396
1.50346
1.50347
1.50347
1.50347
1.50348
1.5035
1.50351
1.50354
1.50358
1.50362931
1.5037
1.5038
1.50391
1.50403
1.50416
1.50428
1.50436
1.50435
1.50421
1.50395000
1.50362
1.50329
1.50305
1.50293
1.5029
1.50293
1.50299
1.50306
1.50313
1.50320257
1.50327
1.50335
1.50341
1.50347
1.50352
1.50357
1.50361
1.50363
1.50363
1.50362278
1.5036
1.50358
1.50356
1.50354
1.50353
1.50354
1.50355
1.50357
1.50362
1.50366240
1.5037
1.50374
1.50377
1.50378
1.50382
1.50384
1.50387
1.5039
1.50395
1.50398667
1.50401
1.504
1.50393
1.50382
1.50365
1.50349
1.50341
1.50344
1.50358
1.50379757
1.50402
1.50421
1.5043
1.50427
1.50412
1.50391
1.50372
1.50362
1.50358
1.50356555
1.50352
1.50337
1.50312
1.50283
1.50259
1.50249
1.50255
1.50273
1.50297
1.50323558
1.50346
1.50367
1.50383
1.50396
1.50406
1.50414
1.50418
1.50417
1.50411
1.50401910
1.50389
1.50375
1.50362
1.50351
1.50346
1.50346
1.5035
1.50358
1.50364
1.50370395
1.50376
1.50379
1.5038
1.50378
1.50374
1.50369
1.50365
1.50363
1.50364
1.50368964
1.50378
1.50395
1.50419
1.5045
1.50484
1.50516
1.50531
1.50511
1.50444
1.50348780
1.5026
1.5021
1.502
1.50216
1.50241
1.50268
1.50291
1.50309
1.50325
1.50338048
1.50349
1.50359
1.50367
1.50375
1.50382
1.50388
1.50393
1.50397
1.504
1.50401208
1.504
1.50396
1.50389
1.50381
1.50372
1.50364
1.50358
1.50353
1.5035
1.50348570
1.50348
1.50348
1.50348
1.50348
1.50347
1.50346
1.50345
1.50345
1.50345
1.50345034
1.50346
1.50346
1.50347
1.50348
1.5035
1.50352
1.50355
1.5036
1.50365
1.50371342
1.50381
1.50395
1.50412
1.50431
1.50451
1.50465
1.50466
1.50444
1.50399
1.50344323
1.50296
1.50268
1.50262
1.50272
1.50287
1.50303
1.50315
1.50326
1.50335
1.50341852
1.50349
1.50358
1.50366
1.50377
1.50389
1.504
1.50407
1.50406
1.50394
1.50370616
1.50342
1.50314
1.50296
1.5029
1.50294
1.50303
1.50316
1.50329
1.50339
1.50349011
1.50357
1.50365
1.50373
1.50382
1.50393
1.5041
1.50431
1.50457
1.50483
1.50500854
1.50496
1.50458
1.50391
1.50322
1.50277
1.50265
1.50278
1.50302
1.50326
1.50343571
1.50354
1.50358
1.50359
1.50357
1.50355
1.50355
1.50354
1.50356
1.50359
1.50365021
1.50373
1.50384
1.50397
1.50413
1.50432
1.50447
1.50454
1.50443
1.5041
1.50358797
1.50303
1.5026
1.5024
1.50241
1.50255
1.50274
1.50292
1.50309
1.50322
1.50332792
1.50342
1.50348
1.50355
1.50359
1.50363
1.50367
1.50371
1.50374
1.50377
1.50380384
1.50384
1.50386
1.50389
1.50391
1.50392
1.50392
1.50389
1.50384
1.50379
1.50370572
1.50363
1.50357
1.5035
1.50346
1.50344
1.50343
1.50344
1.50347
1.50351
1.50354055
1.50358
1.50362
1.50366
1.50369
1.50371
1.50372
1.50373
1.50373
1.50372
1.50370981
1.5037
1.50367
1.50364
1.50362
1.5036
1.50357
1.50354
1.5035
1.50346
1.50340572
1.50336
1.50332
1.5033
1.50328
1.5033
1.50335
1.50344
1.50352
1.50362
1.50373703
1.50384
1.50392
1.50396
1.50397
1.50393
1.50386
1.50375
1.50365
1.50355
1.50347873
1.50343
1.50341
1.50341
1.50343
1.50345
1.50345
1.50345
1.50345
1.50346
1.50349285
1.50354
1.50361
1.50369
1.50377
1.50383
1.50385
1.50384
1.50379
1.5037
1.50360338
1.5035
1.50342
1.50337
1.50335
1.50335
1.50337
1.50338
1.50342
1.50346
1.50350774
1.50356
1.50362
1.50365
1.50369
1.5037
1.50369
1.50367
1.50363
1.50361
1.50357802
1.50356
1.50354
1.50353
1.50354
1.50355
1.50358
1.50361
1.50362
1.50363
1.50361822
1.50361
1.50359
1.5036
1.50364
1.5037
1.50378
1.50385
1.5039
1.5039
1.50386317
1.50379
1.50372
1.50367
1.50366
1.5037
1.50377
1.50385
1.50391
1.50394
1.50392133
1.50383
1.50371
1.50356
1.50343
1.50335
1.50335
1.50344
1.50356
1.5037
1.50383651
1.50393
1.50397
1.50397
1.5039
1.50378
1.50365
1.50352
1.50341
1.50333
1.50329800
1.50328
1.50331
1.50336
1.50341
1.50347
1.50352
1.50357
1.50361
1.50363
1.50363850
1.50364
1.50363
1.50362
1.50362
1.50361
1.50359
1.50358
1.50356
1.50355
1.50354234
1.50354
1.50353
1.50353
1.50352
1.50351
1.50352
1.50353
1.50354
1.50355
1.50358664
1.50363
1.50369
1.50376
1.50383
1.50393
1.50403
1.50412
1.50418
1.5042
1.50417422
1.50408
1.50393
1.50374
1.50354
1.50336
1.50321
1.50309
1.50304
1.50303
1.50306105
1.50313
1.50323
1.50333
1.50342
1.50349
1.50354
1.50359
1.50361
1.50362
1.50360758
1.5036
1.50359
1.50359
1.50358
1.50357
1.50357
1.50355
1.50353
1.50352
1.50349497
1.50348
1.50347
1.50347
1.50348
1.50351
1.50354
1.50357
1.50359
1.5036
1.50359243
1.50357
1.50353
1.50349
1.50345
1.50342
1.50338
1.50336
1.50333
1.50333
1.50333776
1.50335
1.50338
1.50339
1.5034
1.50342
1.50344
1.50346
1.50348
1.50349
1.50351209
1.50353
1.50355
1.50358
1.50361
1.50363
1.50366
1.5037
1.50374
1.5038
1.50386433
1.50393
1.50402
1.50411
1.50421
1.50431
1.50436
1.50433
1.50418
1.5039
1.50352648
1.50315
1.50284
1.50265
1.50262
1.50271
1.5029
1.50316
1.50346
1.50377
1.50401364
1.50412
1.50401
1.50369
1.50329
1.50294
1.50277
1.50278
1.50291
1.50308
1.50323164
1.50336
1.50346
1.50352
1.50356
1.50357
1.50355
1.50352
1.50349
1.50343
1.50340705
1.50339
1.50341
1.50346
1.50355
1.50368
1.50384
1.50403
1.50424
1.50445
1.50463954
1.50476
1.50478
1.50467
1.50444
1.50409
1.5037
1.50333
1.50303
1.50285
1.50275390
1.50273
1.50278
1.50284
1.50293
1.50304
1.50313
1.50323
1.50332
1.5034
1.50349044
1.50358
1.50367
1.50376
1.50387
1.50401
1.50414
1.50427
1.50435
1.50437
1.50427934
1.50409
1.50383
1.50356
1.50335
1.50323
1.5032
1.50324
1.50331
1.50337
1.50342804
1.50344
1.50344
1.50343
1.50344
1.50346
1.50351
1.50357
1.50364
1.5037
1.50376819
1.50381
1.50382
1.5038
1.50376
1.50372
1.50368
1.50366
1.50363
1.50362
1.50358149
1.50348
1.50332
1.50313
1.50298
1.5029
1.50291
1.50299
1.50311
1.50324
1.50336524
1.50347
1.50356
1.50362
1.50366
1.50367
1.50368
1.50368
1.50366
1.50364
1.50360556
1.50358
1.50355
1.50354
1.50352
1.50352
1.50352
1.50353
1.50353
1.50354
1.50355177
