0 -0.763182 0.00384418
1 -0.770219 0.00456294
2 -0.771403 0.00412078
3 -0.770786 0.00460221
4 -0.776986 0.00436057
5 -0.77968 0.00394677
6 -0.77969 0.0049969
7 -0.782263 0.00416144
8 -0.779478 0.00466806
9 -0.778346 0.00512651
10 -0.778306 0.00562582
11 -0.778202 0.00565612
12 -0.777413 0.00516927
13 -0.776437 0.00525297
14 -0.778298 0.00452689
15 -0.778866 0.00409128
16 -0.77766 0.00412567
17 -0.77639 0.0039845
18 -0.775797 0.00458499
19 -0.775719 0.00433187
20 -0.776703 0.00421849
21 -0.777402 0.00343502
22 -0.77436 0.00339542
23 -0.775847 0.00321835
24 -0.778462 0.00366229
25 -0.778849 0.00363591
26 -0.778416 0.00258344
27 -0.779298 0.00298261
28 -0.778371 0.00292939
29 -0.779059 0.00306119
30 -0.777321 0.00322126
31 -0.779583 0.00359135
32 -0.781478 0.00372149
33 -0.782758 0.00419482
34 -0.781459 0.00394863
35 -0.781552 0.00371015
36 -0.778756 0.00381953
37 -0.784705 0.00456632
38 -0.786054 0.00426283
39 -0.787842 0.00395877
40 -0.786485 0.00379766
41 -0.788053 0.00323607
42 -0.785868 0.00328834
43 -0.787525 0.00441968
44 -0.785839 0.00407852
45 -0.786194 0.00336398
46 -0.787452 0.00309291
47 -0.784443 0.00309358
48 -0.782011 0.00386045
49 -0.784623 0.00381822
50 -0.78304 0.00429403
51 -0.785251 0.00409066
52 -0.781417 0.0046712
53 -0.781352 0.00440057
54 -0.782154 0.00451355
55 -0.784589 0.00449843
56 -0.784713 0.00438919
57 -0.785138 0.00476141
58 -0.78391 0.00450971
59 -0.782815 0.00443636
60 -0.782579 0.00386406
61 -0.778562 0.00394546
62 -0.779719 0.00289092
63 -0.781305 0.0037727
64 -0.778558 0.00412034
65 -0.778778 0.00385177
66 -0.778035 0.00350597
67 -0.777026 0.00356708
68 -0.775834 0.00361692
69 -0.777479 0.0038116
70 -0.778208 0.00380629
71 -0.77931 0.00310542
72 -0.782619 0.00269331
73 -0.78123 0.00324705
74 -0.783171 0.00295953
75 -0.782489 0.00294715
76 -0.783746 0.00281232
77 -0.785986 0.00290002
78 -0.785716 0.00288483
79 -0.783118 0.00264145
80 -0.780918 0.00358027
81 -0.782036 0.00346502
82 -0.784919 0.00391763
83 -0.784396 0.00373863
84 -0.783573 0.00397011
85 -0.780586 0.00367179
86 -0.779583 0.00400715
87 -0.782686 0.00417278
88 -0.78273 0.00422531
89 -0.780469 0.00341617
90 -0.78346 0.00326962
91 -0.778986 0.00289963
92 -0.77697 0.00340479
93 -0.779182 0.00316528
94 -0.777722 0.00391933
95 -0.777283 0.0035467
96 -0.781369 0.00363029
97 -0.778873 0.00423408
98 -0.780272 0.00444189
99 -0.781272 0.00442189
100 -0.782399 0.00450173
101 -0.780033 0.00524221
102 -0.78045 0.00536377
103 -0.781064 0.00555006
104 -0.783588 0.0053858
105 -0.784018 0.0048987
106 -0.781312 0.00488873
107 -0.784692 0.0039638
108 -0.781263 0.00432973
109 -0.780263 0.00421403
110 -0.781271 0.00408435
111 -0.781237 0.00399346
112 -0.779702 0.00415653
113 -0.782905 0.00343382
114 -0.782771 0.00330912
115 -0.780452 0.0036177
116 -0.784776 0.00359667
117 -0.785141 0.00333838
118 -0.785925 0.00297269
119 -0.787375 0.00258239
120 -0.78657 0.00304901
121 -0.786287 0.0025569
122 -0.782898 0.0023265
123 -0.78205 0.00223583
124 -0.781377 0.00254534
125 -0.780706 0.00226256
126 -0.777246 0.00253213
127 -0.776425 0.00262398
128 -0.78104 0.00250456
129 -0.781089 0.00237879
130 -0.780417 0.00214875
131 -0.776867 0.00238918
132 -0.778188 0.00250934
133 -0.779823 0.00250797
134 -0.781602 0.00273897
135 -0.781191 0.00327977
136 -0.780198 0.00336029
137 -0.77627 0.00302253
138 -0.777953 0.0031759
139 -0.77878 0.00381183
140 -0.777005 0.00381639
141 -0.77581 0.00361006
142 -0.775992 0.00328344
143 -0.778015 0.00333581
144 -0.780098 0.00391872
145 -0.776229 0.00385237
146 -0.779138 0.0037854
147 -0.779033 0.00430466
148 -0.778377 0.00410655
149 -0.778433 0.00403359
150 -0.778339 0.00390108
151 -0.779533 0.00380256
152 -0.77876 0.00369866
153 -0.779383 0.00341648
154 -0.781711 0.00333296
155 -0.782465 0.00346564
156 -0.778698 0.00305525
157 -0.779497 0.00315653
158 -0.780253 0.00329365
159 -0.780502 0.00293961
160 -0.782155 0.00390241
161 -0.781594 0.00364166
162 -0.78091 0.00266576
163 -0.780064 0.00277817
164 -0.775882 0.00286281
165 -0.778482 0.00280105
166 -0.776949 0.00302576
167 -0.777616 0.00363621
168 -0.780707 0.00363769
169 -0.781998 0.00318967
170 -0.782187 0.00328903
171 -0.781832 0.0036137
172 -0.779498 0.00321731
173 -0.780549 0.00319963
174 -0.776604 0.00285702
175 -0.778639 0.00307359
176 -0.780677 0.0028348
177 -0.782697 0.00329059
178 -0.783032 0.00359422
179 -0.780658 0.00337534
180 -0.778807 0.00387285
181 -0.775732 0.00330476
182 -0.773194 0.00265168
183 -0.772413 0.00271143
184 -0.77161 0.00332031
185 -0.773916 0.00336872
186 -0.775747 0.00351546
187 -0.773356 0.00334658
188 -0.773156 0.00317209
189 -0.772056 0.00277489
190 -0.770613 0.00352431
191 -0.772414 0.00343842
192 -0.773098 0.00321735
193 -0.773049 0.00249098
194 -0.77513 0.00275536
195 -0.775096 0.00316322
196 -0.775993 0.00311633
197 -0.776022 0.0035178
198 -0.77555 0.00371838
199 -0.77726 0.00364294
200 -0.778183 0.00331273
201 -0.777609 0.00314025
202 -0.779342 0.00340563
203 -0.776998 0.0031066
204 -0.775725 0.00351694
205 -0.778186 0.00249669
206 -0.780835 0.00282553
207 -0.782888 0.00325768
208 -0.784649 0.00324618
209 -0.7836 0.00363653
210 -0.782715 0.00323531
211 -0.786154 0.00355661
212 -0.779846 0.00327649
213 -0.78013 0.00317972
214 -0.780198 0.00315663
215 -0.78143 0.00266058
216 -0.784313 0.00369929
217 -0.784524 0.00373139
218 -0.783539 0.00400786
219 -0.784346 0.00455111
220 -0.783167 0.0044544
221 -0.786064 0.0046452
222 -0.783868 0.00436292
223 -0.782958 0.00459536
224 -0.782695 0.00431476
225 -0.780437 0.00452081
226 -0.780558 0.00479412
227 -0.782067 0.00480009
228 -0.780607 0.00435009
229 -0.778059 0.00441043
230 -0.780245 0.00425691
231 -0.779828 0.00407085
232 -0.776746 0.00458247
233 -0.773943 0.00428183
234 -0.774446 0.00362637
235 -0.774937 0.00378021
236 -0.774809 0.00417126
237 -0.775528 0.00422967
238 -0.774689 0.00379173
239 -0.778183 0.00350295
240 -0.774826 0.00346961
241 -0.774305 0.0035869
242 -0.774455 0.00315316
243 -0.774715 0.00346226
244 -0.773045 0.00311441
245 -0.772905 0.0034819
246 -0.774022 0.00300751
247 -0.775321 0.00357891
248 -0.775275 0.00348875
249 -0.776716 0.00331399
250 -0.776995 0.00341329
251 -0.777567 0.00303156
252 -0.779185 0.00340587
253 -0.780176 0.00379637
254 -0.782669 0.00355972
255 -0.782157 0.00379896
256 -0.779301 0.00430168
257 -0.777472 0.00425364
258 -0.777942 0.00465261
259 -0.777069 0.00446666
260 -0.777009 0.00472854
261 -0.777593 0.004476
262 -0.777477 0.00449612
263 -0.780058 0.00460524
264 -0.77602 0.00399448
265 -0.774767 0.00426775
266 -0.773831 0.003559
267 -0.775127 0.00351997
268 -0.778053 0.00367941
269 -0.778232 0.00341726
270 -0.778457 0.00389318
271 -0.776675 0.00463954
272 -0.777952 0.00436621
273 -0.77935 0.00417751
274 -0.78031 0.00390304
275 -0.783617 0.00374831
276 -0.782663 0.00343479
277 -0.782503 0.00342615
278 -0.782749 0.00382415
279 -0.779461 0.00347849
280 -0.782931 0.0034126
281 -0.781163 0.00370144
282 -0.781035 0.00365274
283 -0.780714 0.00413296
284 -0.779573 0.00406399
285 -0.777895 0.00409354
286 -0.776125 0.00394725
287 -0.773012 0.00427641
288 -0.774241 0.0031597
289 -0.774877 0.00313398
290 -0.776439 0.00262864
291 -0.776594 0.00249279
292 -0.777895 0.00262145
293 -0.77849 0.00291944
294 -0.775463 0.00249072
295 -0.776042 0.00242154
296 -0.77837 0.00303427
297 -0.777583 0.00312365
298 -0.778758 0.0030647
299 -0.776667 0.00313672
300 -0.77931 0.00287082
301 -0.778482 0.00300402
302 -0.780945 0.0027472
303 -0.780512 0.00296555
304 -0.781403 0.0029688
305 -0.779753 0.00330334
306 -0.782635 0.0033226
307 -0.779817 0.00358468
308 -0.77787 0.00345669
309 -0.777095 0.00376011
310 -0.778064 0.00307167
311 -0.779143 0.00271212
312 -0.77849 0.00246009
313 -0.777601 0.00319228
314 -0.778749 0.00389776
315 -0.776668 0.00400642
316 -0.779037 0.0041148
317 -0.781 0.00480322
318 -0.78153 0.00432986
319 -0.780528 0.00453297
320 -0.781855 0.00462291
321 -0.781401 0.00554514
322 -0.780894 0.00551168
323 -0.782025 0.00505044
324 -0.779425 0.00452928
325 -0.778421 0.00417289
326 -0.781885 0.00348046
327 -0.78489 0.0037038
328 -0.783651 0.00392299
329 -0.782863 0.00413873
330 -0.778307 0.00449448
331 -0.778844 0.00441985
332 -0.776987 0.00327562
333 -0.777149 0.00410286
334 -0.775241 0.00412684
335 -0.776992 0.00438797
336 -0.778213 0.0046961
337 -0.78044 0.00403353
338 -0.778065 0.00381299
339 -0.77526 0.0033608
340 -0.777676 0.00332513
341 -0.775813 0.00368688
342 -0.775533 0.00372628
343 -0.774126 0.00357875
344 -0.774017 0.00415532
345 -0.774162 0.00386697
346 -0.773983 0.00386648
347 -0.773941 0.00373098
348 -0.774241 0.00324457
349 -0.775643 0.00300115
350 -0.773854 0.00295646
351 -0.773613 0.0029503
352 -0.776091 0.00279102
353 -0.774346 0.00260947
354 -0.774826 0.00283737
355 -0.778011 0.00215091
356 -0.776334 0.00197021
357 -0.777369 0.00274362
358 -0.775727 0.00318815
359 -0.776112 0.00298643
360 -0.773865 0.00284835
361 -0.774573 0.00229055
362 -0.77704 0.00253629
363 -0.776042 0.00279556
364 -0.776156 0.00261537
365 -0.779682 0.00302594
366 -0.781921 0.00312782
367 -0.779339 0.00321408
368 -0.780042 0.00366549
369 -0.781637 0.00333189
370 -0.780154 0.00317686
371 -0.778386 0.00275113
372 -0.773933 0.00318613
373 -0.772698 0.00301347
374 -0.772169 0.00246389
375 -0.772595 0.00307408
376 -0.774924 0.00352342
377 -0.778331 0.00356357
378 -0.77737 0.0033215
379 -0.776894 0.00311906
380 -0.776542 0.00338419
381 -0.775188 0.00350468
382 -0.777339 0.00385354
383 -0.779251 0.00409394
384 -0.778604 0.00408447
385 -0.784054 0.00407895
386 -0.780374 0.00377558
387 -0.782811 0.00339092
388 -0.780288 0.00380825
389 -0.779837 0.00344859
390 -0.779943 0.00327123
391 -0.782712 0.00307029
392 -0.780745 0.00303093
393 -0.783966 0.003568
394 -0.781531 0.00407861
395 -0.77951 0.00463975
396 -0.775292 0.00486378
397 -0.778337 0.00452824
398 -0.7782 0.00445706
399 -0.778915 0.00303586
400 -0.778722 0.00322543
401 -0.777047 0.00346461
402 -0.774636 0.00340649
403 -0.775066 0.00362632
404 -0.775236 0.00405819
405 -0.774477 0.00352935
406 -0.777015 0.00389377
407 -0.773629 0.00417278
408 -0.775282 0.00426552
409 -0.775929 0.00424484
410 -0.777551 0.00378699
411 -0.778732 0.00366282
412 -0.778091 0.00331648
413 -0.777648 0.00372302
414 -0.779983 0.00290388
415 -0.782699 0.00300356
416 -0.779781 0.0034195
417 -0.77599 0.00363829
418 -0.776341 0.00327602
419 -0.775192 0.00386004
420 -0.776553 0.00358113
421 -0.781989 0.00295076
422 -0.781347 0.00373555
423 -0.779771 0.00261806
424 -0.779775 0.00320006
425 -0.778682 0.00370022
426 -0.779412 0.00459164
427 -0.777217 0.00425173
428 -0.777584 0.00361071
429 -0.777788 0.00330227
430 -0.778809 0.00313297
431 -0.774311 0.00329469
432 -0.769721 0.00312225
433 -0.771107 0.00408316
434 -0.771467 0.00469302
435 -0.771165 0.0044505
436 -0.771267 0.00423654
437 -0.771482 0.00410599
438 -0.774518 0.00425023
439 -0.774331 0.00409206
440 -0.775054 0.00502723
441 -0.773759 0.00471957
442 -0.774429 0.00492205
443 -0.774447 0.00511976
444 -0.772993 0.00498352
445 -0.768922 0.00448677
446 -0.76524 0.00511973
447 -0.768054 0.00518431
448 -0.765641 0.00529722
449 -0.76311 0.00453563
