1.60854
1.6244
1.6358
1.64279
1.64574
1.64514
1.64153
1.63548
1.62747
1.6177113
1.60606
1.59226
1.57652
1.56028
1.54679
1.54044
1.54477
1.5602
1.58368
1.6104115
1.6361
1.65795
1.67463
1.68563
1.6909
1.69072
1.68581
1.67731
1.66669
1.6551912
1.64314
1.62965
1.61306
1.59216
1.56745
1.54136
1.51749
1.49897
1.4873
1.4823324
1.4832
1.48898
1.49886
1.51187
1.52686
1.54259
1.5578
1.57124
1.5817
1.5879702
1.58898
1.58403
1.57342
1.55919
1.54522
1.53597
1.5341
1.53897
1.54765
1.5569136
1.56432
1.56831
1.56824
1.56445
1.55839
1.55228
1.54813
1.54685
1.54803
1.5503650
1.55268
1.55451
1.55637
1.55943
1.56503
1.57382
1.58486
1.59524
1.60115
1.5997572
1.59047
1.57493
1.55608
1.53694
1.51996
1.50682
1.49853
1.49549
1.49757
1.5044717
1.51579
1.53105
1.54962
1.57061
1.59284
1.61502
1.63589
1.65433
1.66945
1.6805227
1.68686
1.68776
1.68286
1.67251
1.65798
1.64139
1.62533
1.61244
1.60483
1.6034909
1.60796
1.61651
1.62694
1.6374
1.64695
1.65576
1.66477
1.67516
1.68755
1.7015410
1.71559
1.72752
1.73519
1.73696
1.73199
1.72024
1.70238
1.67971
1.65399
1.6272901
1.60195
1.58044
1.56523
1.55831
1.56063
1.57161
1.58903
1.60958
1.62985
1.6472814
1.66071
1.67004
1.67579
1.67872
1.6795
1.67871
1.67698
1.67492
1.67291
1.6707771
1.66773
1.66292
1.6559
1.64678
1.6361
1.62468
1.61357
1.60378
1.5958
1.5893156
1.58351
1.57782
1.57266
1.56977
1.57172
1.58072
1.59736
1.62002
1.64533
1.6691406
1.68758
1.69792
1.69901
1.69174
1.67914
1.66556
1.65484
1.64853
1.64579
1.6447254
1.64371
1.6419
1.63922
1.63632
1.63448
1.63503
1.63856
1.64428
1.65021
1.6541248
1.65456
1.6511
1.64418
1.63464
1.62354
1.61214
1.60188
1.5941
1.58948
1.5876964
1.58736
1.58639
1.58241
1.57305
1.55679
1.53464
1.51149
1.4949
1.49046
1.4979880
1.51263
1.52921
1.54473
1.55805
1.56891
1.57747
1.58469
1.59232
1.60211
1.6144444
1.62777
1.63917
1.64561
1.64528
1.63817
1.62581
1.61014
1.59243
1.57322
1.5534590
1.53514
1.5209
1.51256
1.5103
1.51276
1.51775
1.52322
1.52782
1.53106
1.5331105
1.53439
1.53524
1.53577
1.53597
1.53588
1.5356
1.53536
1.53527
1.53524
1.5349036
1.53371
1.53122
1.52744
1.52296
1.51888
1.51635
1.51588
1.51703
1.51901
1.5213628
1.52405
1.52723
1.53107
1.53574
1.54147
1.54835
1.55621
1.56452
1.57248
1.5791638
1.58371
1.58549
1.58439
1.58073
1.57541
1.56962
1.56474
1.56188
1.56165
1.5638532
1.56759
1.57152
1.57434
1.57543
1.57533
1.57552
1.57754
1.58184
1.58721
1.5913700
1.59235
1.58983
1.58548
1.5825
1.58395
1.59132
1.60392
1.61966
1.63633
1.6524024
1.66674
1.67802
1.68454
1.68488
1.67856
1.66639
1.65008
1.63145
1.61184
1.5915501
1.56992
1.54573
1.51838
1.48925
1.4622
1.44228
1.43339
1.43622
1.44814
1.4649387
1.4831
1.50099
1.51881
1.53743
1.55714
1.57699
1.59521
1.61016
1.62122
1.6288502
1.634
1.6372
1.63805
1.63535
1.62774
1.61445
1.59592
1.57376
1.55025
1.5274294
1.50636
1.48699
1.46887
1.45196
1.43714
1.42606
1.4208
1.42328
1.43471
1.4551807
1.48359
1.51777
1.55478
1.59115
1.62336
1.64838
1.66438
1.67106
1.66942
1.6612934
1.6486
1.63293
1.61546
1.59739
1.58028
1.56617
1.55708
1.55422
1.55733
1.5647052
1.57391
1.58289
1.59071
1.59763
1.60434
1.61099
1.61675
1.62035
1.62115
1.6200733
1.6196
1.62276
1.63124
1.64406
1.658
1.6694
1.67596
1.67776
1.67689
1.6757801
1.67578
1.6773
1.68069
1.68648
1.69488
1.70516
1.71562
1.72424
1.72953
1.7309118
1.72873
1.72384
1.71713
1.70903
1.69936
1.68731
1.67206
1.65363
1.63397
1.6170671
1.60701
1.60485
1.60751
1.60989
1.60771
1.59889
1.58349
1.5633
1.54143
1.5217440
1.50783
1.50206
1.50484
1.51478
1.5292
1.545
1.55953
1.5713
1.58043
1.5886139
1.59823
1.61067
1.62498
1.63834
1.6477
1.65126
1.64926
1.64373
1.63745
1.6325837
1.62991
1.62937
1.63097
1.63491
1.64118
1.64917
1.65765
1.66539
1.67146
1.6752852
1.67641
1.67426
1.66813
1.65742
1.64206
1.62281
1.60146
1.58051
1.56269
1.5503527
1.54513
1.54762
1.55714
1.57164
1.58823
1.60405
1.61717
1.62683
1.63314
1.6365256
1.6373
1.63548
1.63095
1.62383
1.61455
1.60385
1.59246
1.5809
1.56947
1.5584774
1.54844
1.54024
1.53506
1.53429
1.5391
1.54979
1.56547
1.58439
1.6046
1.6245739
1.64331
1.66028
1.67509
1.68721
1.69578
1.69969
1.69808
1.69064
1.67755
1.6592263
1.636
1.60867
1.57919
1.55075
1.52695
1.51058
1.50316
1.50548
1.51791
1.5395768
1.56718
1.59533
1.61883
1.63467
1.64225
1.64273
1.63837
1.63224
1.62771
1.6274738
1.63285
1.64362
1.65842
1.67533
1.69228
1.70734
1.71881
1.72539
1.72615
1.7205223
1.70844
1.69057
1.66851
1.64475
1.62224
1.60366
1.59088
1.5847
1.58495
1.5906822
1.60032
1.61202
1.62392
1.63438
1.64214
1.6464
1.64688
1.64385
1.63816
1.6310858
1.62385
1.61717
1.6109
1.60415
1.59585
1.58537
1.57282
1.55903
1.5454
1.5335863
1.52533
1.52203
1.52424
1.53141
1.542
1.55409
1.56582
1.57572
1.58289
1.5871256
1.58902
1.58946
1.58911
1.58795
1.58576
1.58273
1.58008
1.57989
1.58417
1.5936986
1.60731
1.62216
1.63467
1.64169
1.64121
1.63277
1.61766
1.59882
1.58039
1.5666237
1.56036
1.56204
1.56961
1.57959
1.58838
1.59328
1.59313
1.58833
1.5806
1.5724978
1.56655
1.56454
1.56722
1.57448
1.58551
1.59898
1.61302
1.62557
1.6349
1.6399478
1.6404
1.63618
1.62692
1.61202
1.59131
1.56585
1.53809
1.51122
1.48799
1.4699926
1.4576
1.45057
1.44861
1.45166
1.4599
1.47396
1.49459
1.52126
1.55026
1.5750280
1.58918
1.58939
1.57648
1.55479
1.53068
1.51067
1.49973
1.50088
1.51512
1.5409682
1.57434
1.60935
1.63991
1.66117
1.67033
1.6672
1.6542
1.63588
1.61768
1.6040475
1.59687
1.59502
1.59535
1.59443
1.59013
1.58248
1.57348
1.56612
1.56276
1.5639534
1.56834
1.5735
1.57695
1.57706
1.57342
1.56682
1.55883
1.55112
1.54489
1.5405997
1.5381
1.53688
1.53634
1.53599
1.53521
1.53324
1.52942
1.52391
1.51823
1.5149266
1.51658
1.52435
1.5374
1.55351
1.57026
1.58605
1.60037
1.6135
1.62596
1.6378922
1.64885
1.65779
1.6632
1.66341
1.657
1.64335
1.62333
1.59962
1.57625
1.5571082
1.54456
1.53915
1.53993
1.54504
1.55234
1.56008
1.56714
1.57295
1.57715
1.5793076
1.57896
1.57577
1.57007
1.56323
1.55761
1.55561
1.55812
1.5636
1.56863
1.5696871
1.56465
1.55341
1.53768
1.52007
1.50312
1.48908
1.48045
1.48045
1.49217
1.5164490
1.55056
1.5889
1.62525
1.65476
1.6747
1.68442
1.6848
1.67771
1.66554
1.6505888
1.63461
1.61878
1.60404
1.59151
1.58219
1.57595
1.5709
1.56398
1.5526
1.5364378
1.51824
1.50289
1.49431
1.49289
1.49639
1.50315
1.51379
1.53004
1.55267
1.5801622
1.60891
1.6344
1.65245
1.66041
1.65775
1.64597
1.6282
1.60827
1.58996
1.5763663
1.56937
1.56939
1.57527
1.58445
1.59384
1.60084
1.60443
1.60561
1.60709
1.6120262
1.62247
1.63843
1.65783
1.6774
1.69403
1.70567
1.7113
1.71028
1.70197
1.6859311
1.66281
1.63531
1.60811
1.58624
1.57283
1.56795
1.56934
1.57401
1.57967
1.5853813
1.59165
1.60008
1.61244
1.62936
1.64926
1.66843
1.68229
1.68693
1.68034
1.6627859
1.63665
1.60574
1.57464
1.54794
1.52937
1.52079
1.52167
1.52927
1.53967
1.5488539
1.55374
1.5528
1.54637
1.53659
1.52679
1.52061
1.52068
1.52765
1.54015
1.5558168
1.57256
1.58903
1.60429
1.61727
1.62647
1.63032
1.62769
1.61828
1.6026
1.5819414
1.55825
1.53362
1.5094
1.48552
1.46085
1.43466
1.40832
1.38587
1.37273
1.3731236
1.38782
1.41415
1.44772
1.4845
1.52166
1.5574
1.59061
1.62043
1.64621
1.6672935
1.6831
1.69311
1.69709
1.69554
1.68984
1.68202
1.67374
1.66553
1.65652
1.6451485
1.63007
1.61079
1.58798
1.56345
1.53993
1.52048
1.50796
1.50433
1.5103
1.5249266
1.54545
1.56765
1.58692
1.59966
1.60418
1.6012
1.59357
1.58524
1.57971
1.5785072
1.58095
1.58496
1.58834
1.58998
1.59017
1.59024
1.59179
1.59586
1.60232
1.6099488
1.61699
1.6218
1.6233
1.62102
1.61488
1.60509
1.59232
1.5782
1.56519
1.5557877
1.55082
1.54839
1.54475
1.53654
1.52257
1.50444
1.48607
1.47278
1.46983
1.4804463
1.50423
1.53688
1.57163
1.60175
1.62235
1.63099
1.62752
1.61351
1.5919
1.5668907
1.54356
1.52697
1.52069
1.52553
1.53945
1.55873
1.57962
1.59944
1.61702
1.6328290
1.64858
1.66619
1.68639
1.70829
1.72991
1.74906
1.76377
1.77234
1.77344
1.7663073
1.75119
1.72968
1.70484
1.68038
1.65875
1.63977
1.62124
1.60121
1.57967
1.5584283
1.53998
1.52624
1.51784
1.51399
1.51286
1.51227
1.51041
1.50648
1.50088
1.4948073
1.48969
1.4865
1.4859
1.4888
1.49698
1.5131
1.53946
1.57575
1.6177
1.6578284
1.68825
1.70319
1.69987
1.67844
1.64158
1.59418
1.54277
1.49455
1.45634
1.4337063
1.43002
1.44538
1.47626
1.51669
1.56027
1.60192
1.63819
1.66705
1.68742
1.6987461
