2.07758
2.01481
1.97357
1.94669
1.93628
1.93831
1.95148
1.97287
2.00108
2.0359245
2.07408
2.11721
2.16195
2.20511
2.2334
2.23442
2.19823
2.12603
2.02946
1.9201890
1.81838
1.73154
1.65975
1.612
1.58436
1.57618
1.58744
1.61399
1.65179
1.6957492
1.74746
1.80616
1.87833
1.96714
2.06749
2.17122
2.26535
2.33863
2.38873
2.4148277
2.42175
2.40875
2.38063
2.33948
2.29236
2.24189
2.1948
2.15513
2.12419
2.1092433
2.11368
2.13676
2.17873
2.22863
2.2762
2.308
2.31349
2.29935
2.27316
2.2439185
2.22258
2.21206
2.21191
2.22354
2.24198
2.25902
2.26977
2.27161
2.26382
2.2533197
2.24159
2.22949
2.21633
2.19775
2.16969
2.13274
2.09067
2.05168
2.02741
2.0270700
2.05155
2.09531
2.1502
2.20246
2.24836
2.28115
2.29737
2.29726
2.28009
2.2465139
2.19747
2.13401
2.06142
1.97846
1.89345
1.80846
1.72819
1.65736
1.5974
1.5532921
1.52574
1.51768
1.52875
1.56014
1.60465
1.65789
1.7097
1.74916
1.77092
1.7746233
1.76117
1.7344
1.70274
1.66798
1.63955
1.60989
1.57901
1.54221
1.4996
1.4532744
1.40583
1.36404
1.33788
1.33098
1.34784
1.38525
1.4424
1.51429
1.59343
1.6749090
1.74946
1.8104
1.84861
1.86104
1.84261
1.79645
1.73336
1.66433
1.59824
1.5449779
1.50506
1.47964
1.4688
1.47068
1.48093
1.49879
1.51986
1.54365
1.56645
1.5939377
1.62372
1.66038
1.70303
1.75127
1.80486
1.85809
1.90822
1.95123
1.98821
2.0176163
2.04135
2.06099
2.07471
2.07479
2.05807
2.01523
1.94581
1.85818
1.76237
1.6726022
1.6018
1.55707
1.54475
1.5575
1.58941
1.62655
1.65766
1.67514
1.68493
1.6916120
1.69901
1.70863
1.7212
1.73265
1.74288
1.74353
1.73622
1.72472
1.71467
1.7117483
1.722
1.74809
1.78301
1.82793
1.87814
1.92867
1.97209
2.00838
2.03234
2.0454449
2.0525
2.05874
2.07036
2.09822
2.14544
2.20881
2.26942
2.30475
2.30114
2.2593359
2.19598
2.12916
2.06468
2.00778
1.95638
1.91154
1.86961
1.82811
1.77875
1.7225556
1.66553
1.61824
1.58789
1.58136
1.59798
1.63414
1.68157
1.74113
1.80531
1.8748628
1.94026
1.99433
2.03156
2.05024
2.05544
2.05589
2.0528
2.05234
2.05688
2.0637787
2.07287
2.08234
2.09385
2.10531
2.11719
2.12906
2.13659
2.14494
2.15277
2.1617644
2.17278
2.19069
2.21159
2.23254
2.25203
2.26513
2.26972
2.27029
2.2689
2.2624558
2.25459
2.24487
2.23188
2.21431
2.19137
2.16631
2.13654
2.10653
2.07848
2.0546778
2.03621
2.02739
2.02692
2.03457
2.04707
2.06155
2.07076
2.07548
2.07131
2.0612089
2.04688
2.03215
2.02043
2.01423
2.01121
2.00837
1.99849
1.98233
1.96375
1.9486349
1.94525
1.95082
1.96064
1.96481
1.95408
1.92565
1.88439
1.83329
1.77919
1.7309490
1.68776
1.65386
1.63697
1.64342
1.66911
1.71182
1.76871
1.83378
1.90225
1.9722997
2.04816
2.12745
2.21617
2.30711
2.38744
2.44208
2.46059
2.44416
2.3976
2.3374729
2.27209
2.20746
2.14582
2.08136
2.0144
1.94871
1.89018
1.84238
1.80652
1.7848294
1.77109
1.76619
1.77097
1.78798
1.82107
1.87445
1.94532
2.02749
2.11435
2.1982729
2.27437
2.34582
2.41084
2.46696
2.51098
2.53785
2.54222
2.51568
2.45743
2.3692497
2.253
2.11868
1.97755
1.83923
1.71627
1.61963
1.55806
1.5263
1.52532
1.5475458
1.58615
1.63632
1.69532
1.75616
1.81138
1.85774
1.88734
1.89554
1.88426
1.8584063
1.82914
1.79832
1.77319
1.75145
1.73071
1.71271
1.69731
1.69098
1.69393
1.7027685
1.70788
1.69965
1.67511
1.63783
1.59855
1.56658
1.55238
1.54897
1.55172
1.5541660
1.55292
1.54529
1.53097
1.50931
1.47863
1.44369
1.40834
1.37937
1.36157
1.3572983
1.36498
1.38159
1.40562
1.43452
1.47077
1.51786
1.57277
1.63803
1.70531
1.7655607
1.80208
1.81718
1.81955
1.82496
1.8459
1.88978
1.95135
2.02819
2.10879
2.1815917
2.23506
2.26294
2.26437
2.24337
2.20854
2.17017
2.1363
2.11192
2.09338
2.0774792
2.05504
2.02639
1.99054
1.96132
1.94588
1.94482
1.96041
1.98682
2.01538
2.0366951
2.04949
2.0529
2.04569
2.0266
1.99953
1.96353
1.92677
1.89063
1.85901
1.8346996
1.82147
1.81728
1.82611
1.85009
1.88785
1.93734
1.99323
2.04458
2.08445
2.1055808
2.10449
2.07849
2.02932
1.9671
1.89908
1.8359
1.78113
1.74305
1.71725
1.7026342
1.70149
1.71286
1.73708
1.7695
1.81388
1.86276
1.91885
1.97347
2.0288
2.0801695
2.12798
2.1658
2.19431
2.20325
2.192
2.16101
2.11183
2.04956
1.98365
1.9163187
1.85153
1.79274
1.73951
1.69621
1.66529
1.65229
1.65869
1.68547
1.7317
1.7971429
1.87862
1.97375
2.07379
2.16955
2.2466
2.30156
2.32578
2.31684
2.2742
2.2044291
2.11676
2.03106
1.9591
1.91481
1.89452
1.89801
1.91806
1.94325
1.95959
1.9627338
1.94618
1.91394
1.86714
1.81507
1.76481
1.72124
1.69452
1.6824
1.69299
1.7253205
1.7815
1.85548
1.94332
2.03426
2.11662
2.18412
2.22977
2.25155
2.24788
2.2221384
2.18258
2.13558
2.08309
2.03679
1.99447
1.9676
1.95153
1.94964
1.95767
1.9732830
1.9932
2.01549
2.03859
2.06827
2.10627
2.15785
2.21556
2.27859
2.33968
2.3968326
2.44185
2.46902
2.48052
2.47567
2.45931
2.43961
2.41866
2.40381
2.39622
2.3972690
2.40291
2.41401
2.4234
2.43365
2.44618
2.45777
2.46512
2.45945
2.43617
2.3952835
2.34091
2.28281
2.23489
2.20333
2.1954
2.2113
2.24466
2.29049
2.33228
2.3567927
2.35476
2.32732
2.27997
2.22735
2.17795
2.14367
2.12523
2.12073
2.12781
2.1378162
2.14237
2.13712
2.12037
2.09354
2.05804
2.02002
1.98486
1.95902
1.94708
1.9512241
1.97224
2.011
2.06807
2.14431
2.23928
2.3471
2.45785
2.56172
2.64986
2.7175274
2.76205
2.78403
2.78341
2.76145
2.71939
2.65454
2.56764
2.45953
2.34709
2.2512467
2.18935
2.17317
2.19777
2.24846
2.30348
2.34535
2.35689
2.3271
2.25491
2.1471670
2.01759
1.8849
1.77079
1.68796
1.64652
1.64898
1.68075
1.72981
1.7804
1.8169057
1.83519
1.84043
1.8386
1.84073
1.854
1.87401
1.89724
1.91401
1.91999
1.9135607
1.90291
1.89132
1.88843
1.89819
1.924
1.95978
2.00081
2.04192
2.07936
2.1113926
2.13934
2.16242
2.18237
2.20085
2.22033
2.24031
2.26421
2.28885
2.30953
2.3173141
2.30401
2.26936
2.21682
2.15264
2.0851
2.01899
1.95657
1.89574
1.83922
1.7871879
1.73923
1.70219
1.68007
1.67605
1.69501
1.74269
1.81036
1.89042
1.96819
2.0354954
2.08349
2.10972
2.1169
2.11362
2.10438
2.09224
2.08163
2.07642
2.07461
2.0810018
2.09372
2.11391
2.14273
2.17208
2.19359
2.20356
2.19728
2.18153
2.16581
2.1643687
2.18191
2.21636
2.26492
2.31832
2.36931
2.41054
2.43136
2.42485
2.38027
2.2986632
2.18812
2.06849
1.95558
1.86913
1.81492
1.79306
1.79927
1.83104
1.87783
1.9334959
1.99255
2.05
2.10488
2.1511
2.18381
2.20598
2.22292
2.24544
2.28218
2.3310792
2.38362
2.42695
2.44744
2.44404
2.42448
2.39335
2.34852
2.28638
2.20477
2.1121363
2.02048
1.94287
1.89099
1.87611
1.89821
1.95111
2.02036
2.09807
2.17174
2.2270723
2.26268
2.273
2.26437
2.24817
2.22735
2.21629
2.21224
2.215
2.21353
2.2019776
2.17145
2.1236
2.06583
2.00706
1.95785
1.92246
1.90446
1.90606
1.93201
1.9809681
2.0525
2.13394
2.21237
2.27365
2.30984
2.31915
2.30762
2.28497
2.25722
2.2321272
2.20396
2.16855
2.12064
2.05932
1.99536
1.93789
1.90069
1.89713
1.93304
2.0054323
2.10397
2.21781
2.33001
2.42677
2.49516
2.53099
2.53507
2.51595
2.48642
2.4606264
2.44684
2.44862
2.46457
2.4881
2.50593
2.5086
2.48914
2.44541
2.38385
2.3115556
2.23438
2.1587
2.0916
2.03245
1.99092
1.9704
1.97227
1.99857
2.04888
2.1155060
2.19412
2.27694
2.36007
2.44345
2.52983
2.6184
2.70443
2.77144
2.80079
2.7834526
2.71538
2.60772
2.4746
2.32944
2.18103
2.0384
1.90595
1.78627
1.68122
1.5939166
1.52778
1.48763
1.47116
1.47361
1.49104
1.52032
1.55143
1.58769
1.629
1.6804180
1.74557
1.82354
1.91211
2.00464
2.09212
2.1647
2.21325
2.23073
2.21662
2.1766272
2.11689
2.05157
1.99805
1.96322
1.95346
1.96555
1.98897
2.01364
2.02791
2.0285327
2.0199
2.00593
1.99379
1.98661
1.9843
1.98138
1.97408
1.95802
1.93521
1.9113461
1.89183
1.88225
1.8847
1.90157
1.92944
1.97203
2.02405
2.08193
2.13688
2.1794617
2.21149
2.23515
2.26347
2.30608
2.36167
2.42712
2.48744
2.5253
2.52732
2.4822322
2.39545
2.28256
2.16403
2.06114
1.99098
1.96123
1.97392
2.01771
2.08765
2.1672491
2.23963
2.28665
2.29986
2.27634
2.22416
2.1545
2.07801
2.00392
1.93392
1.8698064
1.80451
1.7344
1.65768
1.57795
1.50251
1.43318
1.38288
1.35422
1.35397
1.3836190
1.43769
1.51521
1.60144
1.68872
1.76912
1.84042
1.91188
1.98815
2.06571
2.1387918
2.19848
2.24215
2.264
2.27088
2.26558
2.25719
2.25171
2.25274
2.25611
2.2609334
2.261
2.25577
2.24047
2.21296
2.16846
2.10045
2.00036
1.87297
1.73339
1.6058872
1.51624
1.48063
1.50522
1.58945
1.72343
1.88848
2.06598
2.2245
2.34715
2.4130599
2.41396
2.34966
2.23453
2.08854
1.92919
1.77783
1.64287
1.53149
1.44975
1.3995570
