-5.08444
-5.10183
-5.11172
-5.11859
-5.12071
-5.11993
-5.1162
-5.11039
-5.10251
-5.0919638
-5.08041
-5.06639
-5.05111
-5.03451
-5.02154
-5.01598
-5.02146
-5.03773
-5.06116
-5.0894726
-5.11457
-5.13489
-5.15222
-5.16189
-5.16675
-5.16712
-5.16239
-5.15406
-5.14331
-5.1322136
-5.11947
-5.10621
-5.08937
-5.06728
-5.04184
-5.01505
-4.99113
-4.97387
-4.96305
-4.9590065
-4.95934
-4.96543
-4.97536
-4.98923
-5.0042
-5.02039
-5.03533
-5.04807
-5.05922
-5.0654661
-5.0656
-5.06035
-5.04865
-5.03484
-5.0213
-5.01227
-5.01222
-5.01777
-5.02695
-5.0371789
-5.04399
-5.04714
-5.04758
-5.04392
-5.03775
-5.03206
-5.02803
-5.02643
-5.02809
-5.0297171
-5.03138
-5.03288
-5.03419
-5.03715
-5.04335
-5.05229
-5.06297
-5.07323
-5.07927
-5.0776773
-5.06811
-5.05225
-5.03233
-5.01407
-4.9974
-4.98486
-4.97755
-4.97487
-4.97731
-4.9846643
-4.9967
-5.01323
-5.03164
-5.05371
-5.07554
-5.09735
-5.11772
-5.13511
-5.14985
-5.1598830
-5.1657
-5.16618
-5.16177
-5.15107
-5.13699
-5.11988
-5.10326
-5.09127
-5.08517
-5.0843066
-5.08867
-5.09751
-5.10756
-5.11931
-5.12756
-5.1368
-5.14605
-5.15722
-5.16981
-5.1831374
-5.19723
-5.21004
-5.21748
-5.2189
-5.21234
-5.19978
-5.18092
-5.1574
-5.13194
-5.1052695
-5.08065
-5.05966
-5.04566
-5.03889
-5.04212
-5.05463
-5.07237
-5.09214
-5.11191
-5.1280727
-5.14154
-5.15169
-5.15787
-5.1604
-5.16115
-5.1598
-5.15831
-5.15623
-5.15545
-5.1525074
-5.14947
-5.14399
-5.13676
-5.1276
-5.1159
-5.10415
-5.09283
-5.08337
-5.0745
-5.0673756
-5.06129
-5.05546
-5.05029
-5.04881
-5.05078
-5.0604
-5.07805
-5.1007
-5.12591
-5.1491877
-5.16647
-5.17621
-5.17562
-5.16841
-5.15535
-5.14116
-5.12949
-5.12376
-5.12082
-5.1192198
-5.11769
-5.11579
-5.11289
-5.11079
-5.10838
-5.10982
-5.11394
-5.11948
-5.125
-5.1290700
-5.12927
-5.12422
-5.11775
-5.10801
-5.09652
-5.08471
-5.0754
-5.06701
-5.06195
-5.0596359
-5.05843
-5.05712
-5.05422
-5.04512
-5.02892
-5.00608
-4.98353
-4.96874
-4.96591
-4.9754655
-4.99157
-5.00754
-5.02256
-5.03458
-5.04534
-5.05401
-5.06194
-5.06912
-5.07947
-5.0924675
-5.1062
-5.11708
-5.1235
-5.12291
-5.1158
-5.10317
-5.08862
-5.07043
-5.05248
-5.0328966
-5.01532
-5.00161
-4.99345
-4.99174
-4.99456
-4.99833
-5.00405
-5.00898
-5.01194
-5.0143420
-5.01587
-5.01729
-5.01733
-5.0172
-5.01647
-5.01529
-5.01627
-5.01619
-5.01615
-5.0156051
-5.0146
-5.01046
-5.00551
-5.00086
-4.9963
-4.99381
-4.99429
-4.99526
-4.99608
-4.9990594
-5.00194
-5.00488
-5.00863
-5.01386
-5.02091
-5.02775
-5.03629
-5.0443
-5.05127
-5.0567207
-5.06086
-5.0616
-5.05991
-5.05559
-5.04986
-5.04334
-5.03937
-5.03646
-5.03695
-5.0392068
-5.04303
-5.0472
-5.05061
-5.05199
-5.05215
-5.05156
-5.05351
-5.0574
-5.06215
-5.0662120
-5.06607
-5.06355
-5.05979
-5.05803
-5.0614
-5.07057
-5.08329
-5.09966
-5.1174
-5.1324380
-5.14654
-5.15848
-5.16504
-5.1635
-5.15669
-5.14508
-5.12876
-5.10969
-5.08956
-5.0690282
-5.04584
-5.02224
-4.99446
-4.96518
-4.9386
-4.91965
-4.91182
-4.91436
-4.92711
-4.9437299
-4.96235
-4.98082
-4.99776
-5.01635
-5.03644
-5.05667
-5.07492
-5.09025
-5.10229
-5.1091732
-5.11412
-5.11636
-5.11601
-5.11274
-5.10533
-5.09162
-5.07264
-5.05038
-5.02656
-5.0037365
-4.9836
-4.96363
-4.94471
-4.9278
-4.91357
-4.90328
-4.89827
-4.9022
-4.91485
-4.9355860
-4.96499
-4.9996
-5.03595
-5.07206
-5.10413
-5.1286
-5.142
-5.14809
-5.14526
-5.1364373
-5.12384
-5.10854
-5.0905
-5.07229
-5.05644
-5.0426
-5.03364
-5.03142
-5.03521
-5.0437796
-5.05259
-5.06253
-5.07008
-5.07665
-5.08336
-5.08922
-5.09512
-5.09799
-5.09794
-5.0958756
-5.09534
-5.09959
-5.1092
-5.12306
-5.13736
-5.1494
-5.15438
-5.15625
-5.15586
-5.1551225
-5.15496
-5.15665
-5.1601
-5.1654
-5.17374
-5.18322
-5.19328
-5.20162
-5.20668
-5.2075293
-5.20488
-5.19993
-5.19292
-5.18513
-5.17527
-5.16172
-5.14689
-5.12866
-5.10998
-5.0926886
-5.08389
-5.08182
-5.08424
-5.08601
-5.08308
-5.0725
-5.05728
-5.03691
-5.01538
-4.9961230
-4.98295
-4.97774
-4.98088
-4.9914
-5.00655
-5.02278
-5.03738
-5.0484
-5.05779
-5.0658630
-5.07634
-5.08813
-5.1031
-5.11528
-5.12291
-5.12693
-5.12536
-5.11963
-5.11236
-5.1072448
-5.10403
-5.10295
-5.10462
-5.10971
-5.11604
-5.1252
-5.13351
-5.14157
-5.14803
-5.1519165
-5.15153
-5.14887
-5.14215
-5.13052
-5.11471
-5.09501
-5.07281
-5.05236
-5.03529
-5.0239094
-5.019
-5.02194
-5.03267
-5.04722
-5.06416
-5.07977
-5.09393
-5.10248
-5.10847
-5.1124997
-5.11302
-5.11063
-5.10508
-5.09892
-5.08901
-5.07897
-5.06603
-5.05477
-5.04307
-5.0330472
-5.02345
-5.01701
-5.01174
-5.01255
-5.0187
-5.0298
-5.0459
-5.06563
-5.08513
-5.1047122
-5.12314
-5.13916
-5.15388
-5.16554
-5.17384
-5.17663
-5.17399
-5.16566
-5.15204
-5.1327506
-5.10906
-5.08111
-5.05187
-5.02359
-5.00163
-4.98535
-4.97856
-4.98204
-4.99607
-5.0180782
-5.04615
-5.07329
-5.09703
-5.11143
-5.11928
-5.11945
-5.11402
-5.10684
-5.10324
-5.1032259
-5.10963
-5.12027
-5.13599
-5.15314
-5.16969
-5.18491
-5.19443
-5.20123
-5.20122
-5.1953893
-5.18208
-5.16385
-5.14089
-5.11682
-5.09549
-5.07773
-5.06574
-5.05977
-5.06093
-5.0681901
-5.07812
-5.08887
-5.10145
-5.11063
-5.11958
-5.12241
-5.12281
-5.11886
-5.11283
-5.1053792
-5.09772
-5.09066
-5.08545
-5.07919
-5.07144
-5.05908
-5.04621
-5.03206
-5.01943
-5.0076000
-4.99978
-4.99808
-5.00053
-5.00813
-5.01926
-5.03064
-5.0427
-5.05221
-5.05923
-5.0628910
-5.06505
-5.06419
-5.06406
-5.06281
-5.05946
-5.05549
-5.05162
-5.05149
-5.05644
-5.0663163
-5.0802
-5.09513
-5.10602
-5.11205
-5.11047
-5.10127
-5.08684
-5.06708
-5.04818
-5.0344644
-5.02933
-5.03202
-5.04136
-5.05168
-5.06124
-5.06521
-5.0644
-5.05981
-5.05147
-5.0427215
-5.0368
-5.03509
-5.03825
-5.04578
-5.05773
-5.07164
-5.08593
-5.09839
-5.10762
-5.1129690
-5.11402
-5.11007
-5.10073
-5.08539
-5.06368
-5.03741
-5.00974
-4.98327
-4.96051
-4.9426286
-4.93064
-4.92412
-4.92327
-4.92742
-4.93591
-4.95044
-4.97084
-4.99842
-5.02733
-5.0511384
-5.06488
-5.06384
-5.0498
-5.0274
-5.00388
-4.98383
-4.97308
-4.97569
-4.99165
-5.0186308
-5.0526
-5.08804
-5.11756
-5.13815
-5.1462
-5.14027
-5.12695
-5.10915
-5.09138
-5.0791242
-5.07303
-5.07066
-5.07086
-5.06951
-5.06378
-5.05633
-5.04765
-5.04151
-5.03907
-5.0414303
-5.04511
-5.0505
-5.05382
-5.05401
-5.04912
-5.042
-5.03396
-5.02651
-5.02061
-5.0166687
-5.01372
-5.01244
-5.01194
-5.01143
-5.00966
-5.00737
-5.0026
-4.99669
-4.99081
-4.9880487
-4.99135
-5.00017
-5.01349
-5.02977
-5.04633
-5.06197
-5.07615
-5.09041
-5.10311
-5.1145254
-5.12579
-5.134
-5.13837
-5.13857
-5.13281
-5.1177
-5.09746
-5.07389
-5.05214
-5.0335818
-5.02145
-5.01672
-5.01848
-5.023
-5.02936
-5.03722
-5.04478
-5.05015
-5.05491
-5.0563911
-5.05607
-5.0532
-5.0464
-5.03911
-5.03421
-5.0319
-5.03468
-5.04012
-5.04566
-5.0457218
-5.03943
-5.02825
-5.01235
-4.99515
-4.9787
-4.96522
-4.95866
-4.96016
-4.97391
-4.9990562
-5.03372
-5.07108
-5.10723
-5.13451
-5.15192
-5.16005
-5.16064
-5.15323
-5.14189
-5.1279759
-5.11287
-5.09816
-5.08314
-5.07029
-5.06176
-5.05607
-5.05188
-5.04536
-5.03332
-5.0170786
-4.99924
-4.98352
-4.97525
-4.9749
-4.97937
-4.98691
-4.99832
-5.01491
-5.03829
-5.0654914
-5.09307
-5.11753
-5.13557
-5.14246
-5.13833
-5.12503
-5.10807
-5.08814
-5.06897
-5.0562736
-5.04893
-5.05007
-5.05701
-5.06515
-5.07561
-5.08168
-5.08585
-5.08707
-5.08967
-5.0944819
-5.10536
-5.12149
-5.1403
-5.15926
-5.17456
-5.18548
-5.19093
-5.19026
-5.18119
-5.1648420
-5.14052
-5.11327
-5.08668
-5.06511
-5.05094
-5.04545
-5.047
-5.05216
-5.05921
-5.0641728
-5.07027
-5.07887
-5.09214
-5.11083
-5.1304
-5.1491
-5.1628
-5.16667
-5.15863
-5.1397772
-5.11372
-5.08288
-5.05278
-5.02705
-5.00988
-5.00201
-5.00356
-5.01194
-5.02299
-5.0317159
-5.03575
-5.03407
-5.02688
-5.01602
-5.00642
-5.00063
-5.00079
-5.0081
-5.02027
-5.0355287
-5.05275
-5.06989
-5.08407
-5.09735
-5.10549
-5.10797
-5.10497
-5.09534
-5.07863
-5.0581864
-5.03461
-5.01059
-4.98704
-4.96359
-4.93877
-4.91261
-4.88554
-4.86316
-4.85168
-4.8529294
-4.86911
-4.89622
-4.92997
-4.96645
-5.00368
-5.03861
-5.07046
-5.09915
-5.12478
-5.1464248
-5.16273
-5.17123
-5.17341
-5.17152
-5.16642
-5.15804
-5.15097
-5.14259
-5.13357
-5.1218797
-5.10608
-5.0867
-5.06392
-5.03966
-5.01655
-4.99753
-4.98552
-4.98315
-4.99036
-5.0048245
-5.02573
-5.04844
-5.06644
-5.0787
-5.08255
-5.0791
-5.07212
-5.06423
-5.0597
-5.0593866
-5.06134
-5.06507
-5.068
-5.06916
-5.06836
-5.0679
-5.06892
-5.07356
-5.08096
-5.0889129
-5.0958
-5.09971
-5.10039
-5.09682
-5.09121
-5.08093
-5.06839
-5.0541
-5.04105
-5.0328478
-5.02766
-5.02575
-5.02193
-5.01255
-4.99865
-4.97998
-4.96171
-4.94954
-4.94724
-4.9595653
-4.98449
-5.01722
-5.05195
-5.08221
-5.10228
-5.10983
-5.10371
-5.08924
-5.06617
-5.0401780
-5.0164
-5.00102
-4.99586
-5.00205
-5.01653
-5.03583
-5.05687
-5.07649
-5.0949
-5.1107606
-5.12722
-5.14523
-5.16568
-5.1875
-5.20821
-5.22896
-5.24374
-5.25267
-5.25281
-5.2437979
-5.22854
-5.20578
-5.18158
-5.15718
-5.13526
-5.11719
-5.09858
-5.07746
-5.05539
-5.0338615
-5.01596
-5.00154
-4.99381
-4.98942
-4.9886
-4.98795
-4.9856
-4.98026
-4.97439
-4.9675983
-4.96264
-4.95893
-4.95878
-4.96256
-4.97155
-4.98771
-5.01513
-5.05225
-5.09469
-5.1348010
-5.16389
-5.17708
-5.17265
-5.15012
-5.1121
-5.06444
-5.01135
-4.96459
-4.92742
-4.9071740
-4.90591
-4.92409
-4.95667
-4.99739
-5.04189
-5.08238
-5.11768
-5.14603
-5.16536
-5.1754683
