-3.4759
-3.47743
-3.47592
-3.4758
-3.47496
-3.47479
-3.47467
-3.47491
-3.47503
-3.47425244
-3.47435
-3.47413
-3.47459
-3.47424
-3.47475
-3.47554
-3.47669
-3.47753
-3.47748
-3.47906116
-3.47848
-3.47694
-3.4776
-3.47626
-3.47585
-3.47639
-3.47658
-3.47675
-3.47662
-3.47702240
-3.47633
-3.47656
-3.47631
-3.47512
-3.47439
-3.47368
-3.47364
-3.4749
-3.47575
-3.47667408
-3.47615
-3.47645
-3.4765
-3.47736
-3.47734
-3.4778
-3.47753
-3.47683
-3.47752
-3.47749598
-3.47662
-3.47632
-3.47523
-3.47565
-3.47609
-3.4763
-3.47811
-3.4788
-3.4793
-3.48026533
-3.47968
-3.47883
-3.47933
-3.47947
-3.47936
-3.47978
-3.4799
-3.47958
-3.48006
-3.47935209
-3.4787
-3.47837
-3.47782
-3.47772
-3.47833
-3.47848
-3.47812
-3.478
-3.47812
-3.47792013
-3.47764
-3.47732
-3.47625
-3.47712
-3.47744
-3.47804
-3.47901
-3.47939
-3.47973
-3.48019257
-3.48091
-3.48218
-3.48202
-3.4831
-3.4827
-3.48233
-3.48183
-3.48078
-3.4804
-3.47936038
-3.47885
-3.47843
-3.47891
-3.47857
-3.47901
-3.47849
-3.47793
-3.47883
-3.48034
-3.48081572
-3.48071
-3.481
-3.48063
-3.48192
-3.48061
-3.48103
-3.48127
-3.48206
-3.48226
-3.48159642
-3.48164
-3.48252
-3.48229
-3.48194
-3.48035
-3.47954
-3.47854
-3.4777
-3.47795
-3.47797931
-3.4787
-3.47922
-3.48043
-3.48057
-3.48149
-3.48302
-3.48334
-3.48256
-3.48207
-3.48079127
-3.48082
-3.48164
-3.48208
-3.48169
-3.48166
-3.48108
-3.48132
-3.48132
-3.48254
-3.48173023
-3.48174
-3.48108
-3.48086
-3.48082
-3.4798
-3.47948
-3.47927
-3.47959
-3.47871
-3.47806005
-3.47778
-3.47765
-3.47762
-3.47904
-3.47906
-3.47968
-3.48069
-3.48068
-3.48057
-3.48004711
-3.47889
-3.47828
-3.47661
-3.47667
-3.47621
-3.4756
-3.47465
-3.47523
-3.47503
-3.47449448
-3.47399
-3.47389
-3.47368
-3.47447
-3.4739
-3.4748
-3.47538
-3.4752
-3.47479
-3.47494520
-3.47471
-3.47312
-3.47357
-3.47337
-3.47297
-3.47257
-3.47352
-3.47291
-3.47247
-3.47193949
-3.47107
-3.47073
-3.47181
-3.47207
-3.47213
-3.47144
-3.47204
-3.47383
-3.47545
-3.47747747
-3.47894
-3.47833
-3.47783
-3.47653
-3.47644
-3.47655
-3.47726
-3.4768
-3.47737
-3.47802306
-3.47843
-3.47791
-3.47789
-3.47764
-3.47763
-3.47736
-3.47848
-3.47801
-3.47925
-3.47943764
-3.48018
-3.48071
-3.48089
-3.48144
-3.4818
-3.48057
-3.48083
-3.48116
-3.48087
-3.48123151
-3.48148
-3.48205
-3.48156
-3.48123
-3.4806
-3.47969
-3.48091
-3.48092
-3.48091
-3.48070156
-3.48089
-3.47924
-3.47807
-3.47791
-3.47741
-3.47746
-3.47841
-3.47822
-3.47706
-3.47769661
-3.47789
-3.47765
-3.47757
-3.47812
-3.47944
-3.4794
-3.48008
-3.47978
-3.47879
-3.47755693
-3.47715
-3.47611
-3.47552
-3.47486
-3.47445
-3.47372
-3.47464
-3.47458
-3.4753
-3.47535353
-3.47544
-3.47568
-3.47628
-3.47657
-3.47682
-3.47604
-3.47597
-3.47555
-3.47494
-3.47484199
-3.47372
-3.47372
-3.47431
-3.47554
-3.47746
-3.47925
-3.47937
-3.48001
-3.48107
-3.48003560
-3.4798
-3.48046
-3.4805
-3.47862
-3.47813
-3.47869
-3.47868
-3.47823
-3.47772
-3.47747808
-3.47592
-3.47651
-3.47608
-3.47593
-3.47641
-3.47737
-3.47842
-3.47814
-3.47897
-3.47879112
-3.47926
-3.47982
-3.47896
-3.47892
-3.4793
-3.47968
-3.47971
-3.48009
-3.48107
-3.48032309
-3.48012
-3.47916
-3.47797
-3.47738
-3.47759
-3.47717
-3.47672
-3.47663
-3.47631
-3.47630707
-3.47725
-3.47664
-3.47584
-3.47584
-3.47644
-3.47722
-3.47746
-3.47892
-3.48015
-3.48040523
-3.4814
-3.48183
-3.48117
-3.48091
-3.48077
-3.48023
-3.47762
-3.47703
-3.47583
-3.47514385
-3.47523
-3.47561
-3.47504
-3.4749
-3.47616
-3.47643
-3.47656
-3.4772
-3.47787
-3.47907435
-3.47868
-3.47964
-3.47937
-3.47902
-3.47902
-3.47823
-3.47837
-3.47765
-3.47678
-3.47580235
-3.47573
-3.47683
-3.47796
-3.479
-3.47935
-3.48
-3.47842
-3.47849
-3.47897
-3.47934241
-3.47918
-3.47935
-3.47941
-3.47892
-3.47886
-3.47806
-3.47766
-3.47738
-3.47715
-3.47661753
-3.47615
-3.47609
-3.47579
-3.4761
-3.47591
-3.47441
-3.47483
-3.47503
-3.476
-3.47562144
-3.47689
-3.47697
-3.47672
-3.47613
-3.47537
-3.47362
-3.47379
-3.47361
-3.47395
-3.47437902
-3.47511
-3.47568
-3.47603
-3.47662
-3.47735
-3.47778
-3.47785
-3.4771
-3.47736
-3.47724906
-3.4781
-3.47747
-3.47813
-3.47695
-3.47521
-3.47567
-3.4761
-3.4759
-3.47491
-3.47466110
-3.47413
-3.47358
-3.47365
-3.4748
-3.47486
-3.47603
-3.47586
-3.47618
-3.47658
-3.47663134
-3.47512
-3.47461
-3.47402
-3.47309
-3.47265
-3.47219
-3.47136
-3.47185
-3.4726
-3.47355673
-3.47387
-3.47432
-3.47554
-3.47558
-3.47593
-3.47573
-3.47676
-3.47565
-3.47534
-3.47597407
-3.47572
-3.47515
-3.47412
-3.47509
-3.47446
-3.47512
-3.47357
-3.47387
-3.4736
-3.47456979
-3.47501
-3.47676
-3.47669
-3.47826
-3.47961
-3.48002
-3.48043
-3.48125
-3.48053
-3.48013823
-3.47983
-3.47888
-3.47879
-3.47833
-3.47806
-3.47694
-3.47591
-3.47503
-3.47448
-3.47352431
-3.47306
-3.47243
-3.47268
-3.47283
-3.47468
-3.47477
-3.47541
-3.47656
-3.47816
-3.47850135
-3.47897
-3.47796
-3.4782
-3.47676
-3.47703
-3.47673
-3.47565
-3.4746
-3.47553
-3.47575208
-3.47678
-3.47665
-3.47756
-3.47781
-3.47741
-3.47757
-3.47562
-3.47584
-3.47507
-3.47486707
-3.47364
-3.47328
-3.47238
-3.47207
-3.47326
-3.47407
-3.47486
-3.47508
-3.47598
-3.47750788
-3.4778
-3.47685
-3.47753
-3.47625
-3.47744
-3.47601
-3.47593
-3.47502
-3.47466
-3.47429342
-3.47388
-3.47349
-3.47454
-3.47504
-3.47559
-3.47371
-3.47338
-3.47303
-3.47404
-3.47401369
-3.47446
-3.47606
-3.4763
-3.47672
-3.47726
-3.47655
-3.47688
-3.47649
-3.47634
-3.47576538
-3.47603
-3.47473
-3.47496
-3.47486
-3.4737
-3.47275
-3.47154
-3.4716
-3.47227
-3.47261772
-3.47289
-3.47297
-3.47135
-3.47036
-3.46926
-3.4685
-3.46918
-3.46826
-3.46779
-3.46784067
-3.46896
-3.46998
-3.47175
-3.47209
-3.47286
-3.47193
-3.47127
-3.47148
-3.47087
-3.47022366
-3.47025
-3.47055
-3.47103
-3.4713
-3.47222
-3.47267
-3.47291
-3.47281
-3.47272
-3.47302121
-3.47362
-3.47389
-3.47381
-3.47337
-3.47237
-3.47156
-3.47165
-3.47205
-3.47253
-3.47263595
-3.47303
-3.47355
-3.47466
-3.47577
-3.47601
-3.47649
-3.47625
-3.47716
-3.47707
-3.47611040
-3.47571
-3.47444
-3.47332
-3.47262
-3.4732
-3.47316
-3.47336
-3.47481
-3.47653
-3.47766259
-3.47826
-3.47869
-3.47765
-3.47698
-3.47587
-3.47306
-3.47275
-3.47327
-3.47371
-3.47507677
-3.47616
-3.47563
-3.4755
-3.47508
-3.47365
-3.47385
-3.47417
-3.4754
-3.47631
-3.47747689
-3.47677
-3.477
-3.47688
-3.47695
-3.4757
-3.47518
-3.47513
-3.47539
-3.47572
-3.47606900
-3.47562
-3.47556
-3.4756
-3.47544
-3.47445
-3.47414
-3.47318
-3.47277
-3.47258
-3.47312212
-3.47477
-3.47582
-3.47609
-3.47626
-3.47606
-3.47592
-3.47578
-3.4769
-3.47715
-3.47663324
-3.47694
-3.47621
-3.47516
-3.47516
-3.47581
-3.47435
-3.47413
-3.47427
-3.47589
-3.47647365
-3.47689
-3.47757
-3.47855
-3.47796
-3.47702
-3.47714
-3.47764
-3.47719
-3.47777
-3.47708348
-3.47711
-3.47743
-3.47633
-3.47588
-3.4766
-3.47629
-3.47655
-3.47653
-3.47703
-3.47603474
-3.47478
-3.47484
-3.47467
-3.47508
-3.47558
-3.47614
-3.47821
-3.47971
-3.48174
-3.48260722
-3.48316
-3.48218
-3.48199
-3.47976
-3.47722
-3.47562
-3.47584
-3.47552
-3.47635
-3.47738703
-3.47826
-3.47939
-3.4791
-3.47878
-3.47958
-3.48011
-3.48098
-3.48138
-3.48072
-3.48064086
-3.48099
-3.48063
-3.48094
-3.48201
-3.48298
-3.48375
-3.48454
-3.48487
-3.48562
-3.48532918
-3.48416
-3.48313
-3.48312
-3.48204
-3.48058
-3.47906
-3.47987
-3.47987
-3.47901
-3.47990732
-3.47956
-3.48068
-3.48174
-3.4807
-3.48177
-3.48084
-3.48142
-3.48146
-3.48257
-3.48245568
-3.4829
-3.48306
-3.48248
-3.48186
-3.48053
-3.47981
-3.47963
-3.47998
-3.47922
-3.47891088
-3.47771
-3.47795
-3.47857
-3.47887
-3.47811
-3.47751
-3.47767
-3.47815
-3.47954
-3.47879150
-3.47862
-3.47879
-3.4797
-3.48147
-3.48114
-3.48067
-3.4805
-3.47974
-3.47829
-3.47699136
-3.47708
-3.47715
-3.47814
-3.47911
-3.48051
-3.48122
-3.4819
-3.48267
-3.48332
-3.48286201
-3.48202
-3.48127
-3.48051
-3.47943
-3.47964
-3.48002
-3.48011
-3.48045
-3.48013
-3.47971188
-3.48019
-3.48086
-3.47978
-3.48008
-3.47901
-3.47765
-3.47727
-3.47706
-3.47604
-3.47624503
-3.47636
-3.47697
-3.47763
-3.47807
-3.47793
-3.47796
-3.47721
-3.47729
-3.47895
-3.47980574
-3.48129
-3.48207
-3.48225
-3.48195
-3.48202
-3.48121
-3.47984
-3.47871
-3.47858
-3.47913125
-3.47963
-3.47812
-3.47632
-3.47598
-3.47658
-3.47602
-3.47723
-3.47706
-3.47705
-3.47673112
-3.47601
-3.47591
-3.47594
-3.47621
-3.47663
-3.47705
-3.47757
-3.47882
-3.48006
-3.47989783
-3.48027
-3.48079
-3.47952
-3.47904
-3.47837
-3.4779
-3.47854
-3.47899
-3.48
-3.48087938
-3.48039
-3.48011
-3.47966
-3.47918
-3.47819
-3.47766
-3.47713
-3.4777
-3.47864
-3.47896418
-3.47881
-3.47791
-3.4771
-3.4758
-3.47633
-3.47584
-3.47606
-3.4759
-3.47586
-3.47706003
-3.47684
-3.47736
-3.47718
-3.47601
-3.47608
-3.47554
-3.47564
-3.47676
-3.47741
-3.47911896
-3.48026
-3.48034
-3.48032
-3.48046
-3.47994
-3.47885
-3.47619
-3.47572
-3.47427
-3.47328737
-3.47284
-3.47405
-3.47517
-3.47652
-3.47708
-3.4771
-3.47724
-3.47705
-3.47788
-3.47793158
-3.47864
-3.47905
-3.47928
-3.4792
-3.4783
-3.4799
-3.47997
-3.48033
-3.47938
-3.47749055
-3.47736
-3.47611
-3.47674
-3.47679
-3.47651
-3.47743
-3.47734
-3.47625
-3.47572
-3.47543319
-3.47598
-3.47531
-3.47597
-3.47543
-3.47574
-3.47568
-3.47519
-3.47377
-3.47351
-3.47279096
-3.47295
-3.47242
-3.47287
-3.47375
-3.47457
-3.47461
-3.47567
-3.4765
-3.477
-3.47697260
-3.47564
-3.47389
-3.47278
-3.47168
-3.47052
-3.47026
-3.46859
-3.47005
-3.47108
-3.47346771
-3.47588
-3.47871
-3.48041
-3.4807
-3.48162
-3.48046
-3.47949
-3.47898
-3.47794
-3.47672226
