1.07236
1.08293
1.09053
1.09519
1.09716
1.09676
1.09435
1.09032
1.08498
1.0784742
1.07071
1.06151
1.05101
1.04018
1.03119
1.02696
1.02984
1.04013
1.05579
1.0736076
1.09073
1.1053
1.11642
1.12375
1.12727
1.12715
1.12387
1.11821
1.11113
1.1034608
1.09543
1.08643
1.07537
1.06144
1.04497
1.02757
1.01166
0.999314
0.991534
0.9882216
0.988797
0.992653
0.999241
1.00791
1.0179
1.02839
1.03854
1.04749
1.05447
1.0586468
1.05932
1.05602
1.04895
1.03946
1.03014
1.02398
1.02274
1.02598
1.03177
1.0379424
1.04288
1.04554
1.0455
1.04296
1.03893
1.03485
1.03209
1.03124
1.03202
1.0335766
1.03512
1.03634
1.03758
1.03962
1.04335
1.04921
1.05657
1.06349
1.06743
1.0665048
1.06031
1.04995
1.03739
1.02463
1.01331
1.00454
0.999023
0.996991
0.998383
1.0029812
1.01053
1.0207
1.03308
1.04707
1.06189
1.07668
1.09059
1.10289
1.11296
1.1203484
1.12457
1.12517
1.12191
1.11501
1.10532
1.09426
1.08356
1.07496
1.06989
1.0689940
1.07197
1.07767
1.08462
1.0916
1.09797
1.10384
1.10985
1.11678
1.12504
1.1343607
1.14372
1.15168
1.15679
1.15797
1.15466
1.14683
1.13492
1.11981
1.10266
1.0848601
1.06796
1.05363
1.04349
1.03888
1.04042
1.04774
1.05935
1.07306
1.08656
1.0981876
1.10714
1.11336
1.1172
1.11914
1.11967
1.11914
1.11799
1.11661
1.11528
1.1138514
1.11182
1.10861
1.10393
1.09785
1.09073
1.08312
1.07571
1.06919
1.06386
1.0595437
1.05567
1.05188
1.04844
1.04652
1.04781
1.05381
1.0649
1.08001
1.09689
1.1127604
1.12505
1.13195
1.13267
1.12783
1.11942
1.11037
1.10323
1.09902
1.09719
1.0964836
1.0958
1.0946
1.09281
1.09088
1.08965
1.09002
1.09238
1.09619
1.10014
1.1027499
1.10304
1.10073
1.09612
1.08976
1.08236
1.07476
1.06792
1.06273
1.05965
1.0584643
1.05824
1.05759
1.05494
1.0487
1.03786
1.02309
1.00766
0.996603
0.993641
0.9986587
1.00842
1.01947
1.02982
1.0387
1.04594
1.05164
1.05646
1.06155
1.06807
1.0762963
1.08518
1.09278
1.09708
1.09685
1.09211
1.08387
1.07343
1.06162
1.04882
1.0356393
1.02343
1.01393
1.00837
1.00687
1.00851
1.01184
1.01548
1.01855
1.02071
1.0220736
1.02293
1.02349
1.02384
1.02398
1.02392
1.02374
1.02358
1.02351
1.02349
1.0232690
1.02247
1.02081
1.01829
1.0153
1.01259
1.0109
1.01059
1.01136
1.01267
1.0142419
1.01603
1.01816
1.02071
1.02383
1.02765
1.03224
1.03747
1.04301
1.04832
1.0527758
1.05581
1.05699
1.05626
1.05382
1.05027
1.04641
1.04316
1.04126
1.0411
1.0425688
1.04506
1.04768
1.04956
1.05029
1.05022
1.05035
1.05169
1.05456
1.05814
1.0609134
1.06157
1.05988
1.05699
1.055
1.05597
1.06088
1.06928
1.07977
1.09089
1.1016016
1.11116
1.11868
1.12303
1.12325
1.11904
1.11093
1.10005
1.08764
1.07456
1.0610334
1.04661
1.03049
1.01225
0.992836
0.974797
0.961518
0.955596
0.957482
0.965424
0.9766258
0.988732
1.00066
1.01254
1.02495
1.03809
1.05133
1.06347
1.07344
1.08081
1.0859001
1.08933
1.09146
1.09203
1.09024
1.08516
1.0763
1.06395
1.04917
1.0335
1.0182863
1.00424
0.991326
0.979247
0.967973
0.958092
0.950707
0.947201
0.948854
0.95647
0.9701205
0.98906
1.01185
1.03652
1.06077
1.08224
1.09892
1.10959
1.11404
1.11295
1.1075289
1.09907
1.08862
1.07697
1.06493
1.05352
1.04412
1.03805
1.03615
1.03822
1.0431368
1.04927
1.05526
1.06047
1.06509
1.06956
1.074
1.07783
1.08023
1.08077
1.0800488
1.07974
1.08184
1.08749
1.09604
1.10533
1.11293
1.11731
1.11851
1.11793
1.1171867
1.11719
1.1182
1.12046
1.12432
1.12992
1.13678
1.14374
1.14949
1.15302
1.1539412
1.15249
1.14923
1.14475
1.13935
1.1329
1.12487
1.11471
1.10242
1.08932
1.0780448
1.07134
1.0699
1.07168
1.07326
1.07181
1.06592
1.05566
1.0422
1.02762
1.0144960
1.00522
1.00137
1.00323
1.00986
1.01947
1.03
1.03969
1.04753
1.05362
1.0590759
1.06549
1.07378
1.08332
1.09223
1.09847
1.10084
1.09951
1.09582
1.09164
1.0883891
1.0866
1.08625
1.08731
1.08994
1.09412
1.09945
1.1051
1.11026
1.1143
1.1168568
1.11761
1.11617
1.11209
1.10495
1.0947
1.08187
1.06764
1.05367
1.04179
1.0335684
1.03009
1.03174
1.03809
1.04776
1.05882
1.06937
1.07812
1.08456
1.08876
1.0910171
1.09153
1.09032
1.0873
1.08255
1.07636
1.06923
1.06164
1.05393
1.04631
1.0389849
1.03229
1.02683
1.02337
1.02286
1.02606
1.03319
1.04365
1.05626
1.06973
1.0830493
1.09554
1.10685
1.11673
1.12481
1.13052
1.13313
1.13205
1.12709
1.11837
1.1061509
1.09066
1.07245
1.05279
1.03384
1.01797
1.00705
1.0021
1.00365
1.01194
1.0263845
1.04479
1.06355
1.07922
1.08978
1.09483
1.09515
1.09225
1.08816
1.08514
1.0849826
1.08857
1.09575
1.10562
1.11689
1.12819
1.13823
1.14587
1.15026
1.15077
1.1470148
1.13896
1.12704
1.11234
1.0965
1.08149
1.06911
1.06059
1.05647
1.05663
1.0604548
1.06688
1.07468
1.08262
1.08959
1.09476
1.0976
1.09792
1.0959
1.09211
1.0873905
1.08256
1.07811
1.07394
1.06943
1.0639
1.05691
1.04855
1.03935
1.03026
1.0223909
1.01689
1.01468
1.01616
1.02094
1.028
1.03606
1.04388
1.05048
1.05526
1.0580837
1.05935
1.05964
1.0594
1.05863
1.05717
1.05515
1.05339
1.05326
1.05611
1.0624657
1.07154
1.08144
1.08978
1.09446
1.09414
1.08851
1.07844
1.06588
1.0536
1.0444158
1.04024
1.04136
1.04641
1.05306
1.05892
1.06219
1.06209
1.05888
1.05373
1.0483319
1.04437
1.04303
1.04482
1.04965
1.05701
1.06599
1.07534
1.08372
1.08993
1.0932985
1.0936
1.09079
1.08462
1.07468
1.06087
1.0439
1.02539
1.00748
0.991991
0.9799951
0.971736
0.967047
0.965743
0.967772
0.973267
0.982637
0.996392
1.01417
1.03351
1.0500186
1.05945
1.0596
1.05099
1.03652
1.02046
1.00711
0.999818
1.00059
1.01008
1.0273121
1.04956
1.0729
1.09327
1.10745
1.11355
1.11147
1.1028
1.09058
1.07845
1.0693650
1.06458
1.06335
1.06357
1.06295
1.06009
1.05499
1.04899
1.04408
1.04184
1.0426356
1.04556
1.049
1.0513
1.05137
1.04895
1.04455
1.03922
1.03408
1.02992
1.0270665
1.0254
1.02459
1.02423
1.02399
1.02348
1.02216
1.01961
1.01594
1.01215
1.0099511
1.01105
1.01623
1.02494
1.03567
1.04684
1.05736
1.06691
1.07567
1.08397
1.0919281
1.09923
1.10519
1.1088
1.10894
1.10467
1.09557
1.08222
1.06641
1.05083
1.0380721
1.02971
1.0261
1.02662
1.03003
1.03489
1.04005
1.04476
1.04864
1.05143
1.0528717
1.05264
1.05051
1.04671
1.04216
1.03841
1.03707
1.03875
1.0424
1.04575
1.0464580
1.0431
1.03561
1.02512
1.01338
1.00208
0.992719
0.986965
0.986968
0.994778
1.0109660
1.03371
1.05927
1.0835
1.10317
1.11647
1.12295
1.1232
1.11848
1.11036
1.1003926
1.08974
1.07918
1.06936
1.061
1.05479
1.05064
1.04727
1.04265
1.03507
1.0242919
1.01216
1.00193
0.996207
0.99526
0.997594
1.0021
1.00919
1.02003
1.03511
1.0534415
1.07261
1.0896
1.10163
1.10694
1.10517
1.09732
1.08546
1.07218
1.05998
1.0509108
1.04625
1.04626
1.05018
1.0563
1.06256
1.06723
1.06962
1.07041
1.0714
1.0746842
1.08165
1.09229
1.10522
1.11827
1.12935
1.13711
1.14087
1.14018
1.13465
1.1239541
1.10854
1.09021
1.07207
1.05749
1.04855
1.0453
1.04622
1.04934
1.05311
1.0569209
1.0611
1.06672
1.07496
1.08624
1.09951
1.11229
1.12153
1.12462
1.12023
1.1085239
1.0911
1.07049
1.04976
1.03196
1.01958
1.01386
1.01444
1.01952
1.02645
1.0325693
1.03583
1.0352
1.03092
1.02439
1.01786
1.01374
1.01379
1.01844
1.02676
1.0372112
1.04838
1.05935
1.06953
1.07818
1.08431
1.08688
1.08513
1.07885
1.0684
1.0546276
1.03883
1.02241
1.00627
0.990345
0.973898
0.956438
0.938883
0.923915
0.915153
0.9154158
0.925216
0.942767
0.965145
0.989669
1.01444
1.03827
1.06041
1.08029
1.09747
1.1115290
1.12207
1.12874
1.13139
1.13036
1.12656
1.12135
1.11583
1.11035
1.10435
1.0967657
1.08671
1.07386
1.05865
1.0423
1.02662
1.01366
1.00531
1.00289
1.00687
1.0166178
1.0303
1.0451
1.05795
1.06644
1.06945
1.06747
1.06238
1.05683
1.05314
1.0523382
1.05397
1.05664
1.05889
1.05999
1.06011
1.06016
1.0612
1.06391
1.06821
1.0732992
1.07799
1.0812
1.0822
1.08068
1.07659
1.07006
1.06155
1.05213
1.04346
1.0371918
1.03388
1.03226
1.02983
1.02436
1.01505
1.00296
0.990711
0.981854
0.979884
0.9869642
1.00282
1.02458
1.04775
1.06784
1.08156
1.08732
1.08501
1.07568
1.06127
1.0445938
1.02904
1.01798
1.01379
1.01702
1.0263
1.03915
1.05308
1.06629
1.07801
1.0885527
1.09905
1.11079
1.12426
1.13886
1.15327
1.16604
1.17585
1.18156
1.18229
1.1775382
1.16746
1.15312
1.13656
1.12026
1.10584
1.09318
1.08082
1.06747
1.05311
1.0389522
1.02665
1.01749
1.01189
1.00933
1.00858
1.00818
1.00694
1.00432
1.00058
0.9965382
0.993126
0.991002
0.990601
0.992535
0.997987
1.00874
1.0263
1.0505
1.07846
1.1052190
1.1255
1.13546
1.13325
1.11896
1.09438
1.06278
1.02851
0.996364
0.970893
0.9558042
0.95335
0.96359
0.984176
1.01112
1.04018
1.06795
1.09213
1.11137
1.12495
1.1324974
