0 0 0
0.0256496 0 0
0.0512993 0 0
0.0769489 0 0
0.102599 0 0
0.128248 0 0
0.153898 0 0
0.179547 0 0
0.205197 0 0
0.230847 0 0
0.256496 0 0
0.282146 0 0
0.307796 0 0
0.333445 0 0
0.359095 0 0
0.384745 0 0
0.410394 0 0
0.436044 0 0
0.461694 0 0
0.487343 0 0
0.512993 0 0
0.538642 0 0
0.564292 0 0
0.589942 0 0
0.615591 0 0
0.641241 0 0
0.666891 0 0
0.69254 0 0
0.71819 0 0
0.74384 0 0
0.769489 0 0
0.795139 0 0
0.820788 0 0
0.846438 0 0
0.872088 0.000778347 0.000171127
0.897737 0.0222576 0.00130672
0.923387 0.144427 0.00377555
0.949037 0.506802 0.00599971
0.974686 1.07555 0.0122115
1.00034 1.68709 0.00855718
1.02599 2.11626 0.0085082
1.05164 2.31729 0.011227
1.07728 2.33654 0.00890921
1.10293 2.20784 0.0088732
1.12858 1.99617 0.00775395
1.15423 1.79769 0.0088207
1.17988 1.62244 0.00664325
1.20553 1.43493 0.00963967
1.23118 1.2864 0.00877662
1.25683 1.14705 0.00672006
1.28248 1.04397 0.00654845
1.30813 0.95108 0.00589004
1.33378 0.872353 0.00643674
1.35943 0.817236 0.00421583
1.38508 0.761329 0.0058385
1.41073 0.724431 0.00437316
1.43638 0.691336 0.00392857
1.46203 0.668733 0.00435574
1.48768 0.648584 0.00493969
1.51333 0.646171 0.00539408
1.53898 0.632771 0.00473801
1.56463 0.634892 0.00517191
1.59028 0.635142 0.00362706
1.61593 0.636334 0.00522655
1.64158 0.662938 0.00502551
1.66723 0.68478 0.00436732
1.69288 0.706115 0.00499634
1.71853 0.735896 0.00289645
1.74418 0.76779 0.00392534
1.76983 0.807344 0.00361583
1.79547 0.838344 0.00429555
1.82112 0.875018 0.0051443
1.84677 0.913455 0.00512283
1.87242 0.955671 0.00586491
1.89807 0.998083 0.0046702
1.92372 1.04213 0.00530233
1.94937 1.06696 0.00365189
1.97502 1.0987 0.0042542
2.00067 1.12879 0.00439475
2.02632 1.14041 0.00502766
2.05197 1.15865 0.00411523
2.07762 1.16002 0.00424145
2.10327 1.15782 0.00455099
2.12892 1.14163 0.00409037
2.15457 1.12108 0.00462478
2.18022 1.09696 0.00389041
2.20587 1.07581 0.00447518
2.23152 1.05 0.003544
2.25717 1.02273 0.00313249
2.28282 0.994681 0.00333351
2.30847 0.973734 0.00334013
2.33412 0.948612 0.00385973
2.35977 0.930525 0.00370715
2.38542 0.914407 0.00393328
2.41107 0.891539 0.00484438
2.43672 0.887469 0.00392127
2.46237 0.874294 0.00344854
2.48802 0.860682 0.00275994
2.51366 0.854882 0.00276276
2.53931 0.852551 0.00344644
