47.739
40.8959
36.059
32.4917
29.839
27.7995
25.9485
24.6952
23.4537
22.1879
21.4127
20.6557
19.9175
19.1099
18.5564
17.9001
17.5605
16.9478
16.1474
15.3875
14.6246
14.0227
13.5793
13.1607
12.4191
11.9437
11.1189
10.3338
9.51512
9.07741
8.7643
8.24981
7.88706
7.74297
7.60218
7.14274
7.00048
6.84936
6.89768
6.70063
6.60567
6.48134
6.10047
6.00631
5.88641
5.90681
5.89016
5.93745
6.00719
6.31425
6.22876
6.4543
6.73119
6.46263
5.80687
5.61754
5.52371
4.81863
4.67476
5.11871
4.77787
5.01141
4.89998
5.0203
4.76474
4.70563
5.01231
5.03982
4.82933
4.58352
4.84516
5.15822
5.08116
4.81601
4.74145
4.75257
4.65797
4.97536
4.86769
4.73893
4.78409
4.50236
4.58312
4.34767
4.6677
4.8027
4.58747
4.74812
4.4443
4.67304
4.45322
4.95779
4.91584
4.78035
4.74111
4.71134
4.79406
4.53404
4.6711
5.1566
4.71946
4.64743
5.01183
4.80304
4.97212
4.99866
4.79997
4.87864
4.7822
4.76682
4.76323
4.54788
4.65456
4.55018
4.57036
4.8222
5.00505
5.12859
4.81764
4.66854
4.7284
4.59232
4.59694
4.72512
4.99437
5.05539
4.92801
4.70183
5.0444
4.87752
4.72497
5.04539
4.94241
4.66797
4.91152
4.67623
4.83577
4.71323
4.73033
4.87328
4.71367
4.77616
4.77455
4.67134
4.79347
4.51283
4.76204
4.86333
4.8845
4.82237
5.06875
5.00756
4.82653
4.84788
4.53349
4.51262
4.75129
4.75832
4.6724
4.8556
4.87101
4.69156
4.66452
4.69386
4.62083
4.7464
4.71316
4.63872
4.93936
4.71014
4.52939
4.75981
4.82907
4.52274
4.75787
4.39776
4.66661
4.81633
4.55952
4.45388
4.30752
4.84689
4.75753
4.74025
4.80561
4.85054
4.80155
4.79016
5.21783
5.06169
4.52614
4.66831
4.50634
4.60433
4.67496
4.71269
4.78708
4.77702
4.61392
4.89762
