-4.74849
-4.74941
-4.74942
-4.7491
-4.74844
-4.7473
-4.74505
-4.74534
-4.74394
-4.74315
-4.74166
-4.74135
-4.73974
-4.74024
-4.74019
-4.74111
-4.74231
-4.74363
-4.74445
-4.7442
-4.74522
-4.74571
-4.74644
-4.74731
-4.74716
-4.74693
-4.74666
-4.74696
-4.74693
-4.74613
-4.74742
-4.74766
-4.74746
-4.74839
-4.7476
-4.74768
-4.74818
-4.74812
-4.74804
-4.74831
-4.74799
-4.74785
-4.74749
-4.74803
-4.74741
-4.74791
-4.74905
-4.74914
-4.74924
-4.74997
-4.74971
-4.74982
-4.74996
-4.75009
-4.75003
-4.75007
-4.75039
-4.7501
-4.75103
-4.75155
-4.75136
-4.75179
-4.75149
-4.75224
-4.75207
-4.75111
-4.75209
-4.7523
-4.75204
-4.75268
-4.75347
-4.75336
-4.75323
-4.75337
-4.75304
-4.75283
-4.75303
-4.75261
-4.75215
-4.75227
-4.75159
-4.75193
-4.753
-4.75297
-4.75278
-4.75337
-4.75399
-4.75436
-4.75406
-4.75475
-4.75523
-4.75505
-4.75408
-4.75487
-4.75545
-4.75638
-4.75625
-4.75713
-4.75732
-4.75709
-4.7566
-4.756
-4.75637
-4.75593
-4.75513
-4.75401
-4.75453
-4.75428
-4.75356
-4.75419
-4.75481
-4.75513
-4.75578
-4.75648
-4.7553
-4.75605
-4.75677
-4.75762
-4.75708
-4.75663
-4.75685
-4.75677
-4.75663
-4.75576
-4.75713
-4.75802
-4.75799
-4.75801
-4.7571
-4.75636
-4.75553
-4.75661
-4.75579
-4.75564
-4.7561
-4.75669
-4.75618
-4.75638
-4.75671
-4.75673
-4.75661
-4.75578
-4.75574
-4.75516
-4.75507
-4.75443
-4.75412
-4.75459
-4.75446
-4.75448
-4.75372
-4.75324
-4.75271
-4.75213
-4.75254
-4.75304
-4.75211
-4.75158
-4.75162
-4.75119
-4.75137
-4.75144
-4.75172
-4.7512
-4.75169
-4.75108
-4.75159
-4.75306
-4.75303
-4.75375
-4.75384
-4.7548
-4.75436
-4.75494
-4.75518
-4.75432
-4.75497
-4.75515
-4.75638
-4.75653
-4.7559
-4.75613
-4.75661
-4.75583
-4.75621
-4.75594
-4.75505
-4.75444
-4.75309
-4.75404
-4.75366
-4.7547
-4.75368
-4.75363
-4.75425
-4.75511
-4.75545
-4.75586
-4.75617
-4.75545
-4.75637
-4.75646
-4.75648
-4.75598
-4.75589
-4.75596
-4.75575
-4.75555
-4.7538
-4.75379
-4.75369
-4.75382
-4.75392
-4.75361
-4.75367
-4.75353
-4.75363
-4.75305
-4.75432
-4.75542
-4.75555
-4.7556
-4.75615
-4.75571
-4.75594
-4.75537
-4.75598
-4.75569
-4.75512
-4.75462
-4.75373
-4.75398
-4.75399
-4.7539
-4.75416
-4.75416
-4.75345
-4.75335
-4.75276
-4.75301
-4.75317
-4.7525
-4.75195
-4.75204
-4.75249
-4.75242
-4.75277
-4.75244
-4.75277
-4.75368
-4.75361
-4.75417
-4.75471
-4.75435
-4.75434
-4.75352
-4.75375
-4.75359
-4.75306
-4.75249
-4.75308
-4.75221
-4.75285
-4.75256
-4.75266
-4.75241
-4.75212
-4.75183
-4.7517
-4.75101
-4.75052
-4.75116
-4.75067
-4.75151
-4.75222
-4.7528
-4.75273
-4.75366
-4.75438
-4.75409
-4.75492
-4.75454
-4.75499
-4.75375
-4.75374
-4.75391
-4.75441
-4.7536
-4.75359
-4.75273
-4.75301
-4.7526
-4.75302
-4.75182
-4.75139
-4.75151
-4.75035
-4.75032
-4.7505
-4.75138
-4.75148
-4.75128
-4.75094
-4.7511
-4.75115
-4.75186
-4.75233
-4.75135
-4.75148
-4.75119
-4.75136
-4.75135
-4.75173
-4.75204
-4.75272
-4.75258
-4.75254
-4.75191
-4.75069
-4.75104
-4.75192
-4.75167
-4.75164
-4.75155
-4.75138
-4.75159
-4.75213
-4.7531
-4.75386
-4.75374
-4.75395
-4.75389
-4.75434
-4.75369
-4.75333
-4.75328
-4.7525
-4.75236
-4.7524
-4.75249
-4.75246
-4.75275
-4.75291
-4.75262
-4.75112
-4.75084
-4.75118
-4.75168
-4.75249
-4.75221
-4.75281
-4.75336
-4.75357
-4.75253
-4.75313
-4.75356
-4.75396
-4.75345
-4.75371
-4.75205
-4.75047
-4.75022
-4.74994
-4.74978
-4.74998
-4.75138
-4.75242
-4.75277
-4.75334
-4.75383
-4.75486
-4.75492
-4.75553
-4.75594
-4.75512
-4.7552
-4.75574
-4.75512
-4.75442
-4.75364
-4.7531
-4.75325
-4.75243
-4.75227
-4.75256
-4.75266
-4.75254
-4.75216
-4.75199
-4.75188
-4.75185
-4.75326
-4.75252
-4.75206
-4.75222
-4.75121
-4.75121
-4.75207
-4.75185
-4.75083
-4.75077
-4.751
-4.75178
-4.75278
-4.75325
-4.75292
-4.75289
-4.75286
-4.75302
-4.75276
-4.75283
-4.75293
-4.7535
-4.75317
-4.75347
-4.75421
-4.75433
-4.75381
-4.75323
-4.75364
-4.75354
-4.75416
-4.75371
-4.75314
-4.75352
-4.75428
-4.75432
-4.75406
-4.75379
-4.75376
-4.75324
-4.75328
-4.75301
-4.7532
-4.75327
-4.75233
-4.75218
-4.75177
-4.75215
-4.75208
-4.7517
-4.75175
-4.75147
-4.75024
-4.75048
-4.75145
-4.75104
-4.75095
-4.75148
-4.75069
-4.74994
-4.74997
-4.75076
-4.75002
-4.74984
-4.74962
-4.74966
-4.74985
-4.75065
-4.75073
-4.7504
-4.75072
-4.75152
-4.75068
-4.75001
-4.7495
-4.75006
-4.75064
-4.7497
-4.7501
-4.75077
-4.75109
-4.75074
-4.75158
-4.75029
-4.74902
-4.74945
-4.74904
-4.74899
-4.7496
-4.74966
-4.74975
-4.7497
-4.74976
-4.74976
-4.75027
-4.75023
-4.75041
-4.751
-4.7505
-4.74984
-4.7492
-4.74901
-4.74899
-4.74868
-4.74839
-4.74903
-4.74879
-4.74887
-4.74899
-4.74884
-4.7489
-4.74812
-4.74803
-4.74816
-4.7482
-4.74854
-4.74929
-4.74887
-4.74908
-4.74914
-4.74878
-4.74819
-4.74818
-4.74848
-4.74807
-4.74786
-4.74819
-4.74859
-4.74876
-4.74898
-4.74923
-4.74948
-4.7491
-4.74973
-4.74926
-4.74829
-4.74851
-4.7486
-4.74843
-4.74912
-4.74977
-4.7501
-4.75095
-4.75135
-4.75167
-4.75199
-4.75169
-4.75233
-4.75167
-4.75172
-4.75101
-4.75015
-4.75066
-4.74967
-4.74945
-4.74866
-4.74929
-4.74868
-4.74908
-4.75
-4.74969
-4.7505
-4.75093
-4.7509
-4.7502
-4.74978
-4.75018
-4.75038
-4.75107
-4.75085
-4.75128
-4.75138
-4.75163
-4.75193
-4.75109
-4.75061
-4.74972
-4.749
-4.74949
-4.75009
-4.75007
-4.75048
-4.75045
-4.7503
-4.75034
-4.75012
-4.74994
-4.74994
-4.75012
-4.75061
-4.75092
-4.75044
-4.75035
-4.75111
-4.75137
-4.75129
-4.75149
-4.75122
-4.75047
-4.74987
-4.74988
-4.74919
-4.75006
-4.75023
-4.74983
-4.74974
-4.75007
-4.75005
-4.74998
-4.7497
-4.74924
-4.74982
-4.75041
-4.75091
-4.75102
-4.75091
-4.75027
-4.75015
-4.75129
-4.75185
-4.75319
-4.75283
-4.75273
-4.75208
-4.75255
-4.75278
-4.7528
-4.75325
-4.75264
-4.75234
-4.75223
-4.75274
-4.7519
-4.75167
-4.75174
-4.75228
-4.75196
-4.75113
-4.75177
-4.75191
-4.75242
-4.7529
-4.75253
-4.75216
-4.75209
-4.7522
-4.75028
-4.74847
-4.74865
-4.74844
-4.74953
-4.74996
-4.74986
-4.74996
-4.7493
-4.74888
-4.74931
-4.74952
-4.7503
-4.74973
-4.74903
-4.749
-4.74828
-4.74807
-4.74879
-4.74891
-4.74885
-4.7486
-4.74846
-4.74737
-4.74747
-4.74724
-4.74744
-4.74717
-4.7469
-4.74665
-4.74689
-4.74645
-4.74621
-4.74676
-4.74731
-4.74692
-4.74665
-4.74726
-4.74667
-4.74579
-4.74598
-4.74647
-4.74618
-4.74601
-4.7455
-4.74484
-4.74541
-4.74633
-4.74594
-4.74638
-4.74612
-4.74726
-4.74825
-4.74878
-4.74914
-4.74902
-4.74902
-4.74929
-4.74967
-4.7506
-4.74949
-4.74968
-4.74995
-4.74852
-4.74917
-4.74922
-4.74881
-4.74843
-4.74837
-4.74758
-4.74773
-4.74777
-4.74723
-4.74702
-4.74683
-4.74697
-4.74805
-4.74795
-4.7485
-4.74803
-4.74864
-4.74898
-4.74902
-4.7492
-4.74904
-4.7502
-4.7498
-4.74919
-4.7502
-4.74967
-4.7494
-4.74958
-4.74856
-4.74728
-4.74712
-4.74749
-4.74745
-4.74726
-4.74733
-4.74671
-4.7469
-4.74718
-4.74699
-4.74668
-4.74735
-4.74719
-4.74696
-4.74782
-4.74822
-4.74827
-4.74889
-4.74946
-4.74959
-4.74943
-4.75006
-4.75119
-4.75024
-4.75127
-4.75062
-4.75038
-4.75098
-4.75136
-4.75138
-4.75135
-4.75086
-4.75133
-4.75128
-4.75133
-4.75165
-4.75205
-4.75203
-4.75244
-4.7534
-4.75428
-4.75493
-4.75553
-4.75639
-4.75646
-4.75666
-4.7567
-4.75689
-4.75601
-4.75587
-4.75464
-4.75534
-4.75451
-4.75412
-4.75424
-4.75416
-4.75392
-4.75355
-4.75422
-4.75465
-4.75613
-4.75541
-4.75575
-4.75582
-4.75546
-4.75488
-4.7541
-4.75391
-4.75464
-4.75478
-4.75389
-4.75363
-4.75326
-4.75293
-4.75249
-4.75298
-4.7524
-4.7527
-4.75235
-4.75347
-4.75319
-4.75245
-4.75234
-4.75194
-4.75113
-4.7502
-4.75004
-4.75097
-4.75194
-4.75173
-4.75096
-4.74963
-4.75013
-4.74989
-4.75071
-4.75045
-4.75077
-4.75059
-4.75111
-4.75051
-4.75121
-4.75049
-4.75002
-4.7489
-4.7485
-4.74719
-4.74662
-4.74652
-4.74661
-4.7463
-4.74683
-4.74699
-4.74724
-4.74757
-4.74794
-4.74876
-4.75001
-4.75015
-4.74977
-4.75024
-4.75022
-4.74971
-4.74933
-4.74922
-4.74865
-4.74868
-4.74826
-4.74878
-4.74828
-4.74814
-4.74821
-4.74804
-4.74809
-4.7483
-4.74772
-4.7472
-4.74733
-4.74739
-4.74759
-4.7471
-4.7476
-4.74821
-4.74858
-4.74971
-4.74956
-4.74947
-4.74972
-4.74986
-4.74992
-4.74949
-4.74923
-4.74979
-4.75034
-4.75013
-4.75112
-4.75141
-4.7518
-4.75164
-4.75138
-4.75147
-4.75044
-4.75027
-4.75037
-4.75076
-4.75069
-4.75095
-4.75095
-4.75082
-4.75089
-4.75068
-4.75049
-4.75079
-4.75141
-4.75131
-4.75111
-4.75097
-4.75103
-4.7516
-4.75296
-4.75297
-4.75372
-4.75415
-4.75437
-4.75499
-4.75476
-4.75412
-4.75307
-4.75267
-4.75265
-4.75199
-4.75224
-4.75222
-4.75256
-4.75342
-4.75346
-4.75403
-4.75331
-4.75313
-4.75468
-4.75523
-4.75489
-4.75502
-4.75574
-4.7558
-4.75444
-4.75361
-4.75406
-4.75335
-4.7533
-4.75287
-4.75252
-4.75153
-4.75114
-4.75078
-4.75126
-4.75139
-4.75135
-4.75295
-4.75227
-4.75215
-4.75225
-4.75282
-4.75262
-4.75327
-4.7534
-4.75314
-4.75342
-4.75364
-4.75395
-4.75375
-4.75486
-4.75349
-4.75297
-4.75271
-4.75303
-4.75198
-4.75185
-4.75129
-4.74988
-4.75004
-4.75028
-4.74983
-4.74976
-4.74976
-4.74979
-4.75075
-4.75067
-4.75059
-4.75036
-4.75149
-4.75198
-4.75138
-4.75146
-4.7521
-4.75193
-4.75248
-4.7518
-4.75232
-4.75283
-4.75321
-4.75283
-4.75277
-4.75194
-4.75172
-4.75071
-4.75043
-4.75027
-4.75067
-4.74938
-4.75034
