0.964238
0.964041
0.960894
0.954705
0.945292
0.932406
0.915777
0.895127
0.870243
0.841065
0.807773
0.770914
0.731574
0.691411
0.652632
0.61769
0.58879
0.567327
0.553611
0.546935
0.545934
0.549015
0.554677
0.561678
0.569076
0.576225
0.582728
0.588323
0.59282
0.596059
0.597906
0.598283
0.597256
0.595093
0.592324
0.589691
0.58798
0.587748
0.589111
0.59166
0.594602
0.597047
0.598302
0.598101
0.596594
0.594177
0.591202
0.587816
0.584039
0.579986
0.575983
0.572478
0.569806
0.568049
0.567038
0.566477
0.566107
0.565818
0.565654
0.565801
0.566507
0.568015
0.570491
0.573971
0.578377
0.58355
0.589309
0.595493
0.601994
0.608763
0.615788
0.623061
0.630531
0.63807
0.645505
0.652646
0.659274
0.665182
0.670168
0.674033
0.676545
0.677454
0.676508
0.673472
0.668214
0.660742
0.651209
0.639937
0.627362
0.614018
0.600508
0.587481
0.575627
0.565656
0.558226
0.553819
0.552633
0.554511
0.558988
0.565385
0.572922
0.58086
0.588557
0.595516
0.60137
0.605876
0.608891
0.61029
0.609964
0.607829
0.603801
0.597855
0.590078
0.58073
0.570253
0.559291
0.548641
0.539161
0.531699
0.526972
0.525514
0.527574
0.532998
0.541181
0.551108
0.561555
0.571344
0.579593
0.585852
0.590088
0.592614
0.593936
0.594601
0.595058
0.595533
0.596011
0.596277
0.596043
0.595048
0.593169
0.590437
0.587032
0.583242
0.579392
0.575812
0.572813
0.570659
0.569556
0.569603
0.570802
0.573078
0.576265
0.580118
0.584323
0.588478
0.592155
0.594912
0.596348
0.596155
0.594147
0.590271
0.584677
0.577714
0.569927
0.561996
0.554635
0.548456
0.543869
0.541068
0.54006
0.540745
0.542932
0.54638
0.550806
0.555935
0.561531
0.567428
0.573554
0.579859
0.586267
0.592611
0.598627
0.603989
0.608367
0.611425
0.612857
0.612427
0.610018
0.605619
0.599349
0.591436
0.582187
0.571956
0.561146
0.550219
0.539686
0.530086
0.521954
0.515744
0.511716
0.509869
0.509909
0.511363
0.513721
0.516626
0.519957
0.523815
0.528327
0.533427
0.538749
0.543727
0.547798
0.550616
0.552199
0.552895
0.553288
0.55404
0.555728
0.558718
0.563074
0.568554
0.574662
0.580779
0.586271
0.590576
0.59326
0.594044
0.592857
0.589795
0.585149
0.579356
0.572916
0.566316
0.559955
0.554164
0.54924
0.545453
0.542992
0.541814
0.541568
0.541692
0.541618
0.541002
0.539819
0.538357
0.537146
0.536846
0.538104
0.541391
0.54685
0.554184
0.562678
0.571355
0.579171
0.585249
0.589024
0.590307
0.589271
0.586403
0.582374
0.577878
0.573442
0.569281
0.565317
0.561241
0.55669
0.551344
0.545042
0.537811
0.529845
0.521458
0.51304
0.505079
0.498233
0.493459
0.491942
0.494685
0.501907
0.512742
0.525593
0.538748
0.550884
0.561216
0.569434
0.575505
0.579557
0.581802
0.58249
0.581928
0.580472
0.578554
0.576674
0.575337
0.574937
0.575654
0.577381
0.57973
0.582151
0.584058
0.584987
0.584657
0.582947
0.579931
0.5758
0.57084
0.565387
0.559829
0.554562
0.549972
0.546357
0.543851
0.542389
0.541697
0.541321
0.54073
0.539424
0.537035
0.533406
0.528607
0.522919
0.516764
0.510658
0.505122
0.500679
0.49787
0.497193
0.499006
0.503397
0.510071
0.518413
0.527605
0.536801
0.545304
0.552651
0.558622
0.563209
0.566541
0.568799
0.570212
0.571037
0.571524
0.571887
0.572247
0.572662
0.573156
0.573767
0.574578
0.575688
0.577133
0.578845
0.580639
0.582255
0.58339
0.583788
0.583226
0.581552
0.578614
0.574317
0.568655
0.561795
0.554158
0.546414
0.5394
0.533954
0.53067
0.529735
0.530929
0.533758
0.537642
0.54204
0.546487
0.550565
0.553866
0.556058
0.556883
0.556216
0.554086
0.550688
0.546364
0.541581
0.536909
0.532952
0.53029
0.529385
0.530443
0.533357
0.537731
0.542982
0.548452
0.553516
0.557616
0.56029
0.561181
0.560065
0.556904
0.551901
0.545503
0.538387
0.531375
0.525258
0.52059
0.517537
0.515878
0.515134
0.514771
0.514385
0.51377
0.512933
0.51202
0.511241
0.510831
0.510984
0.511853
0.513551
0.516153
0.519697
0.524132
0.529275
0.534798
0.540284
0.545304
0.549524
0.552771
0.555111
0.556814
0.558274
0.559862
0.561759
0.56393
0.566137
0.56804
0.569345
0.569872
0.569611
0.568693
0.567359
0.565906
0.564621
0.563729
0.563357
0.56352
0.564114
0.564945
0.565772
0.566332
0.566392
0.565815
0.564576
0.56277
0.560599
0.558318
0.556146
0.554192
0.55242
0.550628
0.548522
0.545827
0.542391
0.538203
0.533421
0.528292
0.523098
0.518099
0.513489
0.50939
0.505884
0.50305
0.500971
0.499701
0.499189
0.499258
0.499601
0.499856
0.499729
0.499078
0.497931
0.496497
0.49511
0.494164
0.494068
0.4952
0.497854
0.502161
0.508042
0.515166
0.523
0.530914
0.538314
0.544763
0.549984
0.553868
0.556428
0.557719
0.557826
0.556836
0.554853
0.552004
0.548447
0.544343
0.539881
0.535294
0.530902
0.527109
0.524425
0.523364
0.524381
0.527694
0.533172
0.540322
0.548329
0.556234
0.563166
0.568465
0.57176
0.572979
0.572283
0.570003
0.566587
0.562542
0.558372
0.554506
0.551209
0.548587
0.546548
0.544859
0.543197
0.541253
0.53882
0.535876
0.532635
0.529563
0.52739
0.526953
0.52896
0.533698
0.540888
0.549742
0.559224
0.568341
0.576361
0.58285
0.587642
0.590724
0.592144
0.591959
0.59024
0.587123
0.582945
0.578279
0.573875
0.570376
0.567956
0.566243
0.564643
0.562811
0.561002
0.559964
0.560391
0.562401
0.565418
0.568501
0.570799
0.571821
0.571463
0.569907
0.567517
0.564713
0.56187
0.559228
0.556841
0.554588
0.55227
0.549729
0.546931
0.544006
0.5412
0.538786
0.537044
0.536211
0.536496
0.538004
0.540688
0.544339
0.548605
0.553104
0.557491
0.561493
0.564908
0.567572
0.569344
0.570132
0.569967
0.569027
0.567638
0.56619
0.565
0.564198
0.563717
0.563302
0.562599
0.561241
0.55891
0.555429
0.550813
0.54527
0.539204
0.533109
0.527509
0.522894
0.51966
0.518086
0.518325
0.520343
0.523881
0.528468
0.533498
0.538357
0.542547
0.545764
0.547919
0.549061
0.54934
0.548923
0.547923
0.546385
0.544306
0.541738
0.538869
0.536131
0.534202
0.533869
0.535731
0.539945
0.546094
0.553338
0.560672
0.567162
0.572142
0.575244
0.576434
0.575969
0.574358
0.572232
0.5702
0.568692
0.567846
0.567479
0.567186
0.566511
0.565109
0.562853
0.559862
0.556444
0.553019
0.550011
0.547705
0.546201
0.545404
0.545099
0.545007
0.544862
0.544456
0.543604
0.54214
0.539939
0.536949
0.533217
0.528943
0.524478
0.520231
0.516539
0.513526
0.511084
0.508949
0.506919
0.504938
0.503085
0.501475
0.500133
0.498966
0.497772
0.496337
0.494541
0.492418
0.490167
0.488146
0.486791
0.486527
0.487673
0.4904
0.494713
0.5005
0.507586
0.515789
0.524909
0.534702
0.544845
0.554921
0.564461
0.573021
0.580237
0.585863
0.589782
0.591987
0.592555
0.591632
0.589391
0.586039
0.581785
0.576841
0.571403
0.565652
0.559749
0.553875
0.548234
0.543069
0.538628
0.535167
0.532869
0.531838
0.532055
0.533359
0.5355
0.538167
0.541019
0.543731
0.546022
0.547657
0.548497
0.548517
0.547891
0.546979
0.546241
0.546094
0.546721
0.547985
0.549447
0.550518
0.550661
0.549566
0.547267
0.544092
0.540588
0.537302
0.534615
0.532627
0.531164
0.529927
0.528627
0.527137
0.525507
0.523929
0.522678
0.522022
0.522122
0.52299
0.524448
0.526146
0.52762
0.528406
0.528132
0.526628
0.524024
0.520737
0.517429
0.514838
0.513632
0.514213
0.516633
0.520635
0.525753
0.531466
0.537318
0.542971
0.548191
0.552817
0.556736
0.559904
0.562266
0.563766
0.564258
0.563522
0.56132
0.557532
0.552307
0.546137
0.53987
0.534554
0.531211
0.530558
0.532809
0.537629
0.544269
0.551813
0.559397
0.566371
0.572325
0.577077
0.580598
0.58296
0.58432
0.584851
0.584786
0.584404
0.583967
0.58368
0.583607
0.583641
0.583529
0.582959
0.581662
0.579495
0.57648
0.572764
0.568553
0.56405
0.559434
0.554887
0.550605
0.546828
0.543813
0.541826
0.541089
0.541746
0.543826
0.547273
0.551946
0.557602
0.56392
0.570518
0.576966
0.582841
0.587754
0.591396
0.593521
0.593973
0.592665
0.589621
0.584999
0.579113
0.572416
0.565475
0.558902
0.553241
0.548885
0.545997
0.544501
0.544122
0.544475
0.545174
0.545887
0.546342
0.546338
0.545717
0.544356
0.542172
0.539179
0.535499
0.531354
0.527058
0.523007
0.519638
0.51737
0.516486
0.516936
0.518297
0.519904
0.521141
0.521709
0.521745
0.521769
0.52247
0.524417
0.52786
0.53262
0.538154
0.543732
0.548603
0.552149
0.553969
0.553942
0.552328
0.549803
0.54736
0.546016
0.546447
0.548695
0.552274
0.556474
0.560628
0.564203
0.566811
0.568171
0.568116
0.566601
0.563716
0.559642
0.55462
0.548887
0.542657
0.536116
0.529427
0.522768
0.516334
0.510397
0.505296
0.501419
0.499156
0.498787
0.500472
0.504217
0.509891
0.517254
0.525941
0.535451
0.545123
0.554226
0.562029
0.567931
0.571562
0.572799
0.571754
0.568723
0.564145
0.558517
0.55236
0.546205
0.540573
0.535956
0.532774
0.531312
0.531697
0.533904
0.537731
0.542824
0.548711
0.554838
0.560607
0.56539
0.568589
0.569694
0.568349
0.564395
0.557917
0.54927
0.539067
0.52811
0.517305
0.50755
0.499634
0.494144
0.491403
0.49145
0.494048
0.498771
0.505099
0.512518
0.520586
0.528919
0.537155
0.54492
0.551815
0.557457
0.561518
0.563756
0.56405
0.562407
0.558958
0.553977
0.547816
0.540929
0.533826
0.527017
0.520955
0.515982
0.512305
0.510043
0.509253
0.509977
0.512211
0.515841
0.520622
0.52621
0.532206
0.538248
0.544054
0.549424
0.554246
0.558489
0.562168
0.56534
0.568055
0.570336
0.572153
0.573396
0.5739
0.573438
0.571761
0.568632
0.563884
