-3.28855
-3.28904
-3.28827
-3.28706
-3.28574
-3.28519
-3.28547
-3.28517
-3.28484
-3.285
-3.28469
-3.28347
-3.28321
-3.28297
-3.28373
-3.28481
-3.28648
-3.28728
-3.28727
-3.28697
-3.28629
-3.2854
-3.28405
-3.28392
-3.28314
-3.28368
-3.284
-3.2836
-3.28263
-3.283
-3.28301
-3.28438
-3.28573
-3.28638
-3.28811
-3.28797
-3.28819
-3.2878
-3.28667
-3.28607
-3.28601
-3.28561
-3.28518
-3.28478
-3.28466
-3.28529
-3.28608
-3.28681
-3.28664
-3.2866
-3.28708
-3.28615
-3.28629
-3.28565
-3.28454
-3.28487
-3.28502
-3.28418
-3.28498
-3.28548
-3.28649
-3.28596
-3.28693
-3.28641
-3.28637
-3.2858
-3.28593
-3.2874
-3.28745
-3.28737
-3.28703
-3.28726
-3.28713
-3.28677
-3.28607
-3.28479
-3.28346
-3.28363
-3.28358
-3.28451
-3.28685
-3.28718
-3.28642
-3.28502
-3.28519
-3.28589
-3.28556
-3.28633
-3.28648
-3.28664
-3.2874
-3.28698
-3.28673
-3.28541
-3.28453
-3.28491
-3.28507
-3.28555
-3.28659
-3.2872
-3.28829
-3.28832
-3.28818
-3.28654
-3.28621
-3.28687
-3.28728
-3.28647
-3.28628
-3.28682
-3.2876
-3.28857
-3.28851
-3.28848
-3.28789
-3.28821
-3.28782
-3.28726
-3.28645
-3.28558
-3.28426
-3.28471
-3.284
-3.28312
-3.28256
-3.28182
-3.28282
-3.28172
-3.2812
-3.2813
-3.2822
-3.28179
-3.28217
-3.28241
-3.28218
-3.28269
-3.28139
-3.28149
-3.28152
-3.28117
-3.28103
-3.28329
-3.28325
-3.28218
-3.28408
-3.28485
-3.28359
-3.28466
-3.28463
-3.28373
-3.28273
-3.28267
-3.28288
-3.28188
-3.2812
-3.28172
-3.2816
-3.28233
-3.28179
-3.28236
-3.28326
-3.28489
-3.28553
-3.28595
-3.28508
-3.28517
-3.28503
-3.28479
-3.28537
-3.28527
-3.28372
-3.28327
-3.28294
-3.28315
-3.28224
-3.28193
-3.28122
-3.28018
-3.27967
-3.2809
-3.28317
-3.28556
-3.28767
-3.28953
-3.28863
-3.28658
-3.28613
-3.28567
-3.28473
-3.28554
-3.28605
-3.28686
-3.28808
-3.28663
-3.28606
-3.28583
-3.28464
-3.28404
-3.28349
-3.28487
-3.28537
-3.28634
-3.28652
-3.28622
-3.28608
-3.28512
-3.28487
-3.28396
-3.28319
-3.28229
-3.28099
-3.28052
-3.28116
-3.28062
-3.28062
-3.28111
-3.28098
-3.28153
-3.28322
-3.28487
-3.28567
-3.28511
-3.28539
-3.28663
-3.2862
-3.28605
-3.28485
-3.28375
-3.28267
-3.28246
-3.28218
-3.28308
-3.28452
-3.28522
-3.28655
-3.28576
-3.28681
-3.28694
-3.28581
-3.28475
-3.28427
-3.28374
-3.28319
-3.28254
-3.28355
-3.28447
-3.28589
-3.28641
-3.28789
-3.28864
-3.289
-3.28912
-3.28859
-3.28903
-3.28758
-3.28809
-3.28891
-3.28871
-3.28777
-3.28757
-3.2872
-3.28744
-3.28747
-3.28769
-3.28925
-3.28957
-3.28919
-3.28943
-3.28826
-3.28958
-3.28906
-3.29017
-3.28967
-3.29096
-3.29084
-3.29063
-3.29113
-3.29153
-3.29136
-3.29137
-3.29172
-3.29183
-3.293
-3.29199
-3.29254
-3.29138
-3.29079
-3.28928
-3.28686
-3.28657
-3.28614
-3.28584
-3.28771
-3.28882
-3.2905
-3.29081
-3.29064
-3.29045
-3.29046
-3.28913
-3.28827
-3.28712
-3.28538
-3.28511
-3.2851
-3.28575
-3.28546
-3.28538
-3.28485
-3.28503
-3.28407
-3.28444
-3.2853
-3.28506
-3.2855
-3.28581
-3.28589
-3.28629
-3.2858
-3.28599
-3.28561
-3.28504
-3.28371
-3.28355
-3.28419
-3.28537
-3.28551
-3.28521
-3.28538
-3.28575
-3.28563
-3.28384
-3.28361
-3.28348
-3.28284
-3.28277
-3.28338
-3.28377
-3.28374
-3.28476
-3.28431
-3.28396
-3.28304
-3.28365
-3.28329
-3.2827
-3.28127
-3.28174
-3.28108
-3.28179
-3.28267
-3.28208
-3.28302
-3.2844
-3.28643
-3.28632
-3.28881
-3.28953
-3.28934
-3.28727
-3.28634
-3.28535
-3.28516
-3.28391
-3.2833
-3.28352
-3.28289
-3.28332
-3.28218
-3.28209
-3.28269
-3.28302
-3.28202
-3.28214
-3.28145
-3.28206
-3.2814
-3.28112
-3.28125
-3.28048
-3.27965
-3.27944
-3.27886
-3.27896
-3.27986
-3.28047
-3.28193
-3.28257
-3.28297
-3.28336
-3.28222
-3.28194
-3.28066
-3.2814
-3.28265
-3.28299
-3.28289
-3.28359
-3.28532
-3.28608
-3.28619
-3.28719
-3.28782
-3.28721
-3.28696
-3.28815
-3.28741
-3.28678
-3.28559
-3.28506
-3.28423
-3.28463
-3.28373
-3.28294
-3.28354
-3.28437
-3.28518
-3.28631
-3.28569
-3.28665
-3.28655
-3.28657
-3.28661
-3.2868
-3.28662
-3.2852
-3.28447
-3.28318
-3.28307
-3.28318
-3.28339
-3.28401
-3.28547
-3.28578
-3.28672
-3.28712
-3.2863
-3.28584
-3.28565
-3.28464
-3.28276
-3.28284
-3.28337
-3.28416
-3.28396
-3.28427
-3.2849
-3.28545
-3.28635
-3.28728
-3.28782
-3.28767
-3.28695
-3.28571
-3.28564
-3.28564
-3.28573
-3.28582
-3.28588
-3.28574
-3.28546
-3.28617
-3.28679
-3.28765
-3.28754
-3.28801
-3.28786
-3.28861
-3.28949
-3.28971
-3.28987
-3.29028
-3.28952
-3.28842
-3.28671
-3.28594
-3.28524
-3.28451
-3.28517
-3.28452
-3.28495
-3.28409
-3.28456
-3.28574
-3.28633
-3.28653
-3.2867
-3.2871
-3.28739
-3.28854
-3.28819
-3.28764
-3.28737
-3.28833
-3.28876
-3.28808
-3.28734
-3.28666
-3.28678
-3.2864
-3.28473
-3.28359
-3.28262
-3.28289
-3.2836
-3.28467
-3.28603
-3.28605
-3.28631
-3.28742
-3.28748
-3.28765
-3.28705
-3.28642
-3.28529
-3.28545
-3.2855
-3.28531
-3.28556
-3.28644
-3.28645
-3.28703
-3.28716
-3.28633
-3.28633
-3.28615
-3.28622
-3.28653
-3.28663
-3.2875
-3.2885
-3.28883
-3.28882
-3.28899
-3.28906
-3.28885
-3.28897
-3.28816
-3.28815
-3.28725
-3.28877
-3.29053
-3.29173
-3.29077
-3.29065
-3.28953
-3.28873
-3.28831
-3.28729
-3.2871
-3.2866
-3.28579
-3.28534
-3.28494
-3.28476
-3.28463
-3.28403
-3.28238
-3.28216
-3.28202
-3.28194
-3.28277
-3.28399
-3.28562
-3.28604
-3.28666
-3.2872
-3.2861
-3.28504
-3.28401
-3.28361
-3.2828
-3.28232
-3.28391
-3.28385
-3.28466
-3.28313
-3.28465
-3.28469
-3.28419
-3.28461
-3.28477
-3.28564
-3.28587
-3.28517
-3.28491
-3.28456
-3.28547
-3.28595
-3.28535
-3.28557
-3.28541
-3.28601
-3.28664
-3.2869
-3.28781
-3.28733
-3.28623
-3.28643
-3.28739
-3.28562
-3.28513
-3.28405
-3.28407
-3.2828
-3.28234
-3.282
-3.28262
-3.28429
-3.28436
-3.28499
-3.28556
-3.28608
-3.28693
-3.28649
-3.28551
-3.28428
-3.2835
-3.28376
-3.28353
-3.28324
-3.2825
-3.28129
-3.28169
-3.28204
-3.28241
-3.28281
-3.28388
-3.28492
-3.28449
-3.28434
-3.2836
-3.28342
-3.28356
-3.28348
-3.28511
-3.28571
-3.28516
-3.28396
-3.28439
-3.28374
-3.28287
-3.28103
-3.27962
-3.27872
-3.27871
-3.27838
-3.28012
-3.28205
-3.28228
-3.28287
-3.2823
-3.28183
-3.28127
-3.28166
-3.28115
-3.28249
-3.28313
-3.28432
-3.28411
-3.28466
-3.28392
-3.28404
-3.2822
-3.28215
-3.28241
-3.28203
-3.28176
-3.2816
-3.28169
-3.28195
-3.28175
-3.28155
-3.28141
-3.27987
-3.27801
-3.27806
-3.27768
-3.27817
-3.27774
-3.27944
-3.28084
-3.28187
-3.28266
-3.28238
-3.28316
-3.28351
-3.28336
-3.28386
-3.28383
-3.28315
-3.28232
-3.28283
-3.28388
-3.28401
-3.28346
-3.28282
-3.28288
-3.28369
-3.28363
-3.28345
-3.28335
-3.28333
-3.28397
-3.28399
-3.2845
-3.28391
-3.28388
-3.2819
-3.28188
-3.28274
-3.28265
-3.28197
-3.28243
-3.2834
-3.2855
-3.28622
-3.28573
-3.28607
-3.2856
-3.28581
-3.28611
-3.28566
-3.28561
-3.28549
-3.2849
-3.28563
-3.28647
-3.28643
-3.28652
-3.28621
-3.28694
-3.28628
-3.28667
-3.2853
-3.28478
-3.28491
-3.28472
-3.28417
-3.28308
-3.2816
-3.28246
-3.28268
-3.28352
-3.28356
-3.28315
-3.28313
-3.28261
-3.28282
-3.28253
-3.28363
-3.28463
-3.28518
-3.28529
-3.28568
-3.28555
-3.2849
-3.28268
-3.28322
-3.28324
-3.2833
-3.28376
-3.2845
-3.28574
-3.28541
-3.28517
-3.28594
-3.28532
-3.28516
-3.28457
-3.28315
-3.28339
-3.28326
-3.28256
-3.28275
-3.28189
-3.28252
-3.28183
-3.28342
-3.28319
-3.28452
-3.28552
-3.28564
-3.28542
-3.28406
-3.28407
-3.28413
-3.28307
-3.28202
-3.28242
-3.28224
-3.28322
-3.28442
-3.28403
-3.28477
-3.28379
-3.283
-3.28164
-3.28135
-3.28022
-3.28023
-3.28089
-3.28191
-3.28331
-3.28385
-3.28464
-3.28538
-3.28477
-3.28527
-3.28503
-3.28551
-3.28538
-3.2847
-3.28397
-3.28395
-3.28401
-3.28402
-3.28404
-3.28404
-3.28454
-3.28623
-3.28769
-3.28969
-3.29052
-3.29054
-3.28994
-3.29121
-3.29086
-3.28931
-3.28894
-3.28761
-3.28632
-3.28593
-3.28475
-3.285
-3.28568
-3.286
-3.28772
-3.28881
-3.28989
-3.2896
-3.28898
-3.28823
-3.28669
-3.28501
-3.28394
-3.28227
-3.28181
-3.28057
-3.28042
-3.28073
-3.28047
-3.28088
-3.28272
-3.2837
-3.28541
-3.28579
-3.28533
-3.28586
-3.28495
-3.28482
-3.28433
-3.28444
-3.28437
-3.28456
-3.28453
-3.28433
-3.28545
-3.28608
-3.28642
-3.28666
-3.28556
-3.28403
-3.28283
-3.28325
-3.28312
-3.28346
-3.28282
-3.28175
-3.28148
-3.28263
-3.28323
-3.2837
-3.28343
-3.2834
-3.28389
-3.28527
-3.28581
-3.28736
-3.28769
-3.28743
-3.28709
-3.28776
-3.28585
-3.28468
-3.2846
-3.28437
-3.28431
-3.28397
-3.28207
-3.28154
-3.28174
-3.28164
-3.28078
-3.28119
-3.28159
-3.28225
-3.28295
-3.28385
-3.28338
-3.28326
-3.28222
-3.28152
-3.28079
-3.27997
-3.27956
-3.27842
-3.28035
-3.28147
-3.28385
-3.28452
-3.28716
-3.28842
-3.28835
-3.28685
-3.28548
-3.2854
-3.28347
-3.28273
-3.28342
-3.28299
-3.28321
-3.28269
-3.28282
-3.28331
-3.28441
-3.28474
-3.28527
-3.28482
-3.28438
-3.28497
-3.28534
-3.28497
-3.28491
-3.28543
-3.28563
-3.28669
-3.28508
-3.28599
-3.28659
-3.28733
-3.28772
-3.28807
-3.28745
-3.28684
-3.28596
-3.28537
-3.28506
-3.28484
-3.28374
-3.28432
-3.28433
-3.28424
-3.28315
-3.2824
-3.28187
-3.28203
-3.28242
-3.28327
-3.28384
-3.28399
-3.2837
-3.2832
-3.28146
-3.2817
-3.28107
-3.2808
-3.28171
-3.28118
-3.28148
-3.2821
-3.28187
-3.2818
-3.28169
-3.28239
-3.28225
-3.28327
-3.28418
-3.28496
-3.28442
-3.28469
-3.28423
-3.28392
-3.28388
-3.28269
-3.28267
-3.28192
-3.28168
-3.28074
-3.27994
