-5.01801
-5.04862
-5.07123
-5.08554
-5.09292
-5.09685
-5.10028
-5.10322
-5.10545
-5.10517
-5.09907
-5.08576
-5.06804
-5.04762
-5.02912
-5.01558
-5.00974
-5.01034
-5.0151
-5.02049
-5.02215
-5.01719
-5.0042
-4.98559
-4.9616
-4.93688
-4.91237
-4.88973
-4.87094
-4.85955
-4.85497
-4.85948
-4.87157
-4.89004
-4.91553
-4.94346
-4.97385
-5.00296
-5.0276
-5.04635
-5.05765
-5.06086
-5.05817
-5.05275
-5.04801
-5.04661
-5.04879
-5.05404
-5.06055
-5.06776
-5.07404
-5.07525
-5.07203
-5.06164
-5.04486
-5.02544
-5.0044
-4.98343
-4.96693
-4.95367
-4.94407
-4.93466
-4.9267
-4.91629
-4.90637
-4.89812
-4.89454
-4.89662
-4.90109
-4.90897
-4.9205
-4.93673
-4.95565
-4.97442
-4.98852
-4.99298
-4.98492
-4.96583
-4.94009
-4.92084
-4.91861
-4.92946
-4.94564
-4.96005
-4.97191
-4.98023
-4.98474
-4.98946
-4.99439
-5.00099
-5.0092
-5.01509
-5.01718
-5.0118
-4.99946
-4.98184
-4.96034
-4.93991
-4.92536
-4.91877
-4.92138
-4.92955
-4.94088
-4.95096
-4.96008
-4.96648
-4.96876
-4.96696
-4.96448
-4.96294
-4.96293
-4.9651
-4.96854
-4.97454
-4.98292
-4.99542
-5.01003
-5.0259
-5.04084
-5.05271
-5.05921
-5.06153
-5.05673
-5.04676
-5.03359
-5.01829
-5.0038
-4.98671
-4.96964
-4.95261
-4.93604
-4.9183
-4.902
-4.88643
-4.87121
-4.85734
-4.84218
-4.82918
-4.81744
-4.8075
-4.80064
-4.79927
-4.79841
-4.79918
-4.80622
-4.81642
-4.82916
-4.84731
-4.86437
-4.87748
-4.88545
-4.88892
-4.888
-4.88263
-4.87594
-4.87036
-4.86534
-4.86345
-4.86346
-4.86852
-4.87829
-4.89314
-4.91087
-4.93146
-4.95302
-4.97701
-5.00131
-5.02514
-5.04849
-5.06906
-5.08532
-5.09878
-5.10705
-5.10864
-5.09963
-5.07975
-5.04733
-5.00453
-4.95832
-4.91983
-4.89973
-4.90511
-4.93528
-4.98067
-5.02531
-5.06057
-5.0853
-5.09915
-5.10532
-5.11021
-5.1153
-5.12361
-5.13589
-5.1476
-5.15929
-5.16737
-5.16874
-5.16528
-5.15886
-5.15533
-5.15585
-5.1637
-5.17617
-5.18928
-5.19891
-5.20063
-5.19464
-5.17983
-5.15815
-5.13094
-5.0998
-5.06804
-5.03818
-5.00987
-4.98624
-4.96788
-4.95371
-4.94464
-4.94038
-4.93911
-4.94011
-4.94387
-4.95394
-4.97055
-4.98907
-5.00749
-5.01976
-5.0229
-5.01427
-4.99451
-4.96506
-4.93193
-4.90088
-4.87739
-4.86789
-4.87077
-4.88643
-4.90516
-4.91922
-4.92454
-4.91948
-4.90447
-4.88302
-4.85976
-4.84137
-4.83022
-4.82981
-4.83991
-4.86123
-4.88871
-4.91841
-4.9472
-4.97318
-4.99808
-5.0198
-5.04267
-5.06439
-5.08163
-5.09172
-5.09367
-5.08627
-5.07315
-5.05871
-5.04812
-5.04429
-5.04288
-5.04063
-5.03522
-5.02277
-5.00798
-4.98983
-4.97615
-4.96706
-4.96689
-4.97129
-4.9794
-4.98971
-4.99979
-5.00881
-5.01857
-5.03115
-5.04745
-5.06846
-5.08838
-5.10697
-5.11706
-5.11819
-5.10775
-5.08634
-5.05925
-5.02813
-4.99848
-4.97799
-4.96797
-4.97127
-4.98424
-5.00376
-5.0254
-5.0449
-5.05724
-5.06203
-5.05783
-5.04526
-5.0285
-5.009
-4.98953
-4.97016
-4.95298
-4.93767
-4.92514
-4.91288
-4.90273
-4.89385
-4.88537
-4.88011
-4.8778
-4.87807
-4.88038
-4.88213
-4.88379
-4.88386
-4.88339
-4.88317
-4.88649
-4.8938
-4.9048
-4.91695
-4.92943
-4.94175
-4.95247
-4.96018
-4.96343
-4.96563
-4.96605
-4.9651
-4.96489
-4.96656
-4.96997
-4.97551
-4.98482
-4.99489
-5.00579
-5.01443
-5.0201
-5.01779
-5.00665
-4.98588
-4.95969
-4.92815
-4.89803
-4.87282
-4.85512
-4.85061
-4.85902
-4.87991
-4.90917
-4.94939
-4.99284
-5.03596
-5.07353
-5.10553
-5.1293
-5.14562
-5.15357
-5.15651
-5.15669
-5.15464
-5.15417
-5.1539
-5.15692
-5.1625
-5.16872
-5.17334
-5.17773
-5.17921
-5.17935
-5.17502
-5.16715
-5.15512
-5.1374
-5.11528
-5.09075
-5.0648
-5.04082
-5.02111
-5.00633
-4.99899
-4.99779
-5.00123
-5.00438
-4.99993
-4.98738
-4.96639
-4.94447
-4.9247
-4.90833
-4.89652
-4.89073
-4.892
-4.89948
-4.91384
-4.93557
-4.96138
-4.98833
-5.01661
-5.0465
-5.07379
-5.09904
-5.11928
-5.13319
-5.13769
-5.13355
-5.1193
-5.09943
-5.07976
-5.06371
-5.05375
-5.0503
-5.04929
-5.05159
-5.05259
-5.05253
-5.05122
-5.04898
-5.04501
-5.0372
-5.02545
-5.00676
-4.98275
-4.95481
-4.92746
-4.90672
-4.89804
-4.9019
-4.91908
-4.94434
-4.97107
-4.99486
-5.01108
-5.01653
-5.01174
-5.00196
-4.98881
-4.97489
-4.96132
-4.95177
-4.948
-4.95088
-4.96081
-4.97563
-4.99157
-5.00433
-5.01066
-5.00879
-5.00063
-4.98675
-4.96951
-4.95092
-4.93228
-4.91446
-4.89878
-4.88837
-4.8845
-4.88913
-4.90122
-4.9211
-4.94581
-4.97522
-5.00696
-5.03839
-5.06795
-5.09384
-5.11306
-5.12562
-5.13105
-5.13099
-5.12509
-5.11417
-5.10113
-5.08527
-5.07089
-5.05689
-5.04608
-5.03745
-5.02946
-5.0227
-5.01845
-5.01802
-5.02178
-5.03068
-5.04141
-5.05361
-5.06582
-5.07741
-5.08559
-5.08916
-5.08865
-5.08341
-5.07317
-5.05581
-5.03056
-5.00064
-4.96842
-4.93836
-4.91286
-4.89435
-4.88446
-4.88247
-4.88984
-4.90584
-4.92609
-4.94846
-4.96876
-4.98512
-4.99582
-5.00285
-5.00617
-5.0077
-5.01001
-5.01422
-5.01836
-5.02233
-5.02331
-5.01978
-5.0136
-5.00472
-4.99478
-4.98469
-4.97481
-4.96741
-4.96403
-4.96665
-4.97687
-4.99307
-5.00984
-5.02184
-5.02671
-5.02319
-5.0153
-5.00545
-5.00176
-5.0058
-5.01761
-5.03329
-5.05206
-5.06894
-5.08329
-5.0942
-5.10026
-5.10325
-5.10315
-5.10146
-5.09993
-5.09813
-5.0946
-5.08661
-5.07141
-5.04754
-5.01852
-4.98599
-4.9544
-4.92962
-4.91486
-4.91123
-4.91543
-4.92529
-4.93644
-4.94389
-4.94727
-4.94618
-4.94217
-4.93614
-4.9308
-4.92929
-4.92853
-4.93097
-4.93284
-4.93855
-4.94226
-4.94389
-4.94448
-4.94311
-4.94152
-4.93941
-4.93775
-4.93927
-4.9445
-4.95472
-4.9664
-4.97577
-4.98174
-4.98203
-4.97969
-4.97747
-4.97728
-4.9799
-4.98239
-4.98607
-4.99419
-5.0061
-5.01599
-5.02429
-5.02568
-5.01974
-5.00383
-4.98143
-4.95424
-4.9262
-4.90129
-4.8817
-4.87449
-4.88185
-4.90261
-4.9324
-4.96387
-4.99303
-5.01693
-5.03425
-5.04467
-5.047
-5.04342
-5.03639
-5.02892
-5.02513
-5.02368
-5.02369
-5.02381
-5.02363
-5.02185
-5.01703
-5.01178
-5.00671
-5.00437
-5.00524
-5.00855
-5.01538
-5.02177
-5.02651
-5.02938
-5.03232
-5.03237
-5.02992
-5.02354
-5.01412
-5.0019
-4.98821
-4.97324
-4.9606
-4.94916
-4.93704
-4.92565
-4.91247
-4.89793
-4.88179
-4.86631
-4.85217
-4.84542
-4.84646
-4.85744
-4.87449
-4.89574
-4.9148
-4.93077
-4.93981
-4.94641
-4.95054
-4.95263
-4.95451
-4.95731
-4.96232
-4.9701
-4.97944
-4.98855
-4.99397
-4.99041
-4.97613
-4.9529
-4.92107
-4.88791
-4.85922
-4.84444
-4.84373
-4.85518
-4.87422
-4.89488
-4.91534
-4.93184
-4.94352
-4.95152
-4.95523
-4.95541
-4.95384
-4.95352
-4.95477
-4.95653
-4.95857
-4.96062
-4.96274
-4.96466
-4.96488
-4.96451
-4.96429
-4.96499
-4.96797
-4.97224
-4.97826
-4.98292
-4.98586
-4.98282
-4.97689
-4.96752
-4.95483
-4.94212
-4.93395
-4.93132
-4.93472
-4.94032
-4.94666
-4.95461
-4.96184
-4.96925
-4.97557
-4.97953
-4.98274
-4.98637
-4.99263
-5.00615
-5.02775
-5.0565
-5.09118
-5.12753
-5.16326
-5.19336
-5.2193
-5.23853
-5.25442
-5.26748
-5.27697
-5.28248
-5.28308
-5.278
-5.26914
-5.25292
-5.2305
-5.201
-5.16605
-5.12844
-5.08976
-5.05391
-5.02236
-4.99931
-4.9845
-4.97719
-4.97521
-4.97615
-4.97636
-4.97431
-4.96901
-4.9662
-4.96482
-4.96765
-4.97654
-4.99186
-5.01315
-5.0368
-5.06233
-5.08852
-5.11113
-5.1304
-5.144
-5.15046
-5.15183
-5.14644
-5.13544
-5.12257
-5.10891
-5.10009
-5.09571
-5.10049
-5.10972
-5.12466
-5.14047
-5.15353
-5.16195
-5.16356
-5.16049
-5.1517
-5.13675
-5.11789
-5.09857
-5.07959
-5.06578
-5.05799
-5.05372
-5.05256
-5.04778
-5.03815
-5.02091
-4.99712
-4.96589
-4.93212
-4.89978
-4.8738
-4.85886
-4.85609
-4.86516
-4.8813
-4.89832
-4.9151
-4.92787
-4.93722
-4.94164
-4.94141
-4.93778
-4.93254
-4.92607
-4.91911
-4.91288
-4.90953
-4.9128
-4.92674
-4.95182
-4.98826
-5.0312
-5.07635
-5.11885
-5.15685
-5.18349
-5.19712
-5.19924
-5.18801
-5.16575
-5.13579
-5.09993
-5.0651
-5.03583
-5.01707
-5.01528
-5.03033
-5.06055
-5.09835
-5.13681
-5.16911
-5.18988
-5.19734
-5.19156
-5.17205
-5.1428
-5.10547
-5.06662
-5.03043
-4.99991
-4.9791
-4.97027
-4.97113
-4.9812
-4.99457
-5.00752
-5.01877
-5.02436
-5.02622
-5.02373
-5.01906
-5.01289
-5.00683
-5.00128
-4.99729
-4.99831
-5.00529
-5.02009
-5.04119
-5.06225
-5.07876
-5.08855
-5.09287
-5.0912
-5.08646
-5.07848
-5.06837
-5.05763
-5.04734
-5.03616
-5.02495
-5.01326
-5.00242
-4.99416
-4.9915
-4.99542
-5.00878
-5.02761
-5.04866
-5.06822
-5.0843
-5.0922
-5.09585
-5.09732
-5.09714
-5.09654
-5.09452
-5.08817
-5.07858
-5.06418
-5.04449
-5.02126
-4.99991
-4.9826
-4.97177
-4.96722
-4.96724
-4.96744
-4.96662
-4.96131
-4.95144
-4.93585
-4.91448
-4.88933
-4.86296
-4.84421
-4.83321
-4.83346
-4.84253
-4.86565
-4.89991
-4.94095
-4.98046
-5.01316
-5.03739
-5.05034
-5.0564
-5.05688
-5.04992
-5.03855
-5.02394
-5.01094
-5.00222
-4.99921
-4.99974
-5.00266
-5.00429
-5.00368
-5.00101
-4.99529
-4.98716
-4.9794
-4.97379
-4.97006
-4.96894
-4.96672
-4.97013
-4.97923
-4.99624
-5.01897
-5.04329
-5.06381
-5.07882
-5.08749
-5.09123
-5.09149
-5.08921
-5.08398
-5.0786
-5.07105
-5.06221
-5.0517
-5.04135
-5.03157
-5.02359
-5.01786
-5.01513
-5.01409
-5.01264
-5.00791
-4.9975
-4.97901
-4.95629
-4.92901
-4.902
-4.87935
-4.86028
-4.84707
-4.83809
-4.83097
-4.82622
-4.82416
-4.82725
-4.83602
-4.85418
-4.88064
-4.91339
-4.94772
-4.98166
-5.01016
-5.03189
-5.04604
-5.0513
-5.05082
-5.04413
-5.03441
-5.02256
-5.01125
