-6.19485
-6.19547
-6.19076
-6.18116
-6.16638
-6.14591
-6.11872
-6.08803
-6.0493
-6.00475
-5.95332
-5.89772
-5.8371
-5.77735
-5.71914
-5.66765
-5.62549
-5.59462
-5.57487
-5.5646
-5.56412
-5.56923
-5.57845
-5.58983
-5.60077
-5.61127
-5.62075
-5.62945
-5.63616
-5.64022
-5.64428
-5.64508
-5.64334
-5.64102
-5.63608
-5.63222
-5.63015
-5.62974
-5.6317
-5.6358
-5.63989
-5.64342
-5.64494
-5.64518
-5.6423
-5.63917
-5.63585
-5.63087
-5.6253
-5.61995
-5.61369
-5.60854
-5.60467
-5.60216
-5.60058
-5.59979
-5.59955
-5.59882
-5.59952
-5.60026
-5.60112
-5.60382
-5.60723
-5.6132
-5.61963
-5.62644
-5.63605
-5.64554
-5.65503
-5.66582
-5.67715
-5.68795
-5.69902
-5.71048
-5.7213
-5.7318
-5.74195
-5.75038
-5.7574
-5.76332
-5.76641
-5.76811
-5.76776
-5.76318
-5.75511
-5.74448
-5.7308
-5.71427
-5.6951
-5.67577
-5.65599
-5.63627
-5.61752
-5.60335
-5.59279
-5.58711
-5.5852
-5.5889
-5.5958
-5.60517
-5.61598
-5.62729
-5.63921
-5.6492
-5.65719
-5.66282
-5.66787
-5.66971
-5.66851
-5.66593
-5.66051
-5.65191
-5.64089
-5.62757
-5.61068
-5.59498
-5.57973
-5.56636
-5.55462
-5.54709
-5.54512
-5.54813
-5.55613
-5.56753
-5.58379
-5.60035
-5.615
-5.6274
-5.63587
-5.64149
-5.64446
-5.64751
-5.6477
-5.64822
-5.6494
-5.65071
-5.6506
-5.65045
-5.64928
-5.64648
-5.64226
-5.63632
-5.63061
-5.62424
-5.61879
-5.61365
-5.61011
-5.60893
-5.60887
-5.61068
-5.61334
-5.61764
-5.62289
-5.62861
-5.63526
-5.64127
-5.64448
-5.6461
-5.64585
-5.64241
-5.63677
-5.62845
-5.6183
-5.60609
-5.59469
-5.58303
-5.57428
-5.56887
-5.56463
-5.56384
-5.56496
-5.5692
-5.57393
-5.58115
-5.58908
-5.59662
-5.60611
-5.61548
-5.62617
-5.63593
-5.64482
-5.65407
-5.66259
-5.66838
-5.67335
-5.67523
-5.67369
-5.66947
-5.66152
-5.65306
-5.64082
-5.62798
-5.61161
-5.59535
-5.57958
-5.56464
-5.55058
-5.53879
-5.52979
-5.52303
-5.52117
-5.52133
-5.52352
-5.52656
-5.53083
-5.53589
-5.54147
-5.54804
-5.55394
-5.56191
-5.56928
-5.57551
-5.57985
-5.58191
-5.58301
-5.58346
-5.58469
-5.58665
-5.5924
-5.60003
-5.60838
-5.61759
-5.62732
-5.63511
-5.64181
-5.64526
-5.64705
-5.64497
-5.63982
-5.63234
-5.62276
-5.61335
-5.60346
-5.59383
-5.58541
-5.57802
-5.57163
-5.56783
-5.56548
-5.56536
-5.56571
-5.56493
-5.56346
-5.56176
-5.56002
-5.55814
-5.55804
-5.5596
-5.56485
-5.57396
-5.58489
-5.59818
-5.61174
-5.62311
-5.63221
-5.63705
-5.63921
-5.6375
-5.63267
-5.62606
-5.61989
-5.61237
-5.60677
-5.60053
-5.59453
-5.58745
-5.57914
-5.56939
-5.55842
-5.54578
-5.53271
-5.52072
-5.50829
-5.49886
-5.49241
-5.49071
-5.49476
-5.50652
-5.5235
-5.54248
-5.56304
-5.58086
-5.59681
-5.60791
-5.617
-5.62324
-5.62712
-5.62733
-5.62648
-5.62344
-5.62084
-5.61761
-5.61603
-5.61423
-5.61487
-5.61758
-5.61995
-5.62354
-5.62659
-5.62886
-5.62847
-5.6257
-5.62084
-5.6148
-5.60741
-5.59994
-5.59208
-5.5832
-5.57644
-5.57073
-5.56713
-5.56493
-5.56428
-5.56402
-5.56381
-5.56171
-5.5581
-5.55201
-5.5436
-5.53542
-5.52706
-5.51765
-5.50933
-5.50257
-5.49819
-5.49738
-5.50064
-5.5082
-5.51896
-5.53136
-5.54536
-5.55909
-5.5723
-5.58267
-5.59126
-5.59809
-5.60231
-5.60556
-5.60772
-5.60904
-5.60974
-5.61058
-5.61128
-5.61161
-5.61085
-5.61149
-5.61305
-5.61522
-5.61819
-5.62048
-5.62377
-5.62675
-5.62866
-5.62822
-5.62797
-5.62588
-5.62189
-5.61493
-5.60669
-5.59474
-5.5817
-5.56984
-5.55904
-5.55071
-5.54599
-5.54599
-5.54881
-5.55341
-5.5598
-5.56689
-5.57459
-5.58077
-5.58633
-5.59003
-5.59044
-5.58952
-5.58687
-5.58116
-5.57396
-5.56601
-5.55846
-5.55268
-5.54787
-5.54635
-5.54823
-5.5527
-5.55913
-5.56663
-5.57467
-5.58215
-5.58827
-5.5937
-5.59429
-5.59216
-5.58757
-5.57907
-5.56946
-5.55965
-5.54891
-5.53872
-5.53166
-5.52731
-5.5256
-5.52548
-5.52541
-5.5245
-5.52354
-5.52226
-5.52105
-5.51962
-5.51907
-5.5194
-5.52127
-5.5235
-5.52769
-5.53375
-5.54053
-5.54772
-5.55543
-5.56407
-5.5715
-5.57844
-5.58286
-5.5858
-5.58874
-5.59169
-5.59411
-5.5967
-5.59968
-5.60297
-5.6053
-5.6073
-5.60782
-5.60762
-5.60631
-5.60336
-5.60104
-5.59871
-5.59774
-5.59712
-5.59698
-5.59792
-5.59888
-5.59889
-5.59997
-5.60103
-5.59977
-5.59781
-5.59564
-5.59159
-5.58742
-5.58419
-5.58205
-5.57865
-5.57578
-5.5724
-5.56841
-5.56344
-5.55796
-5.55087
-5.54284
-5.53536
-5.52867
-5.52092
-5.5141
-5.50833
-5.50464
-5.50209
-5.49925
-5.49889
-5.49966
-5.50049
-5.50053
-5.50117
-5.4989
-5.49592
-5.4942
-5.4917
-5.49023
-5.4907
-5.49246
-5.49653
-5.50294
-5.51182
-5.52251
-5.53477
-5.5466
-5.55788
-5.56814
-5.57547
-5.58065
-5.58384
-5.58559
-5.58573
-5.58394
-5.58067
-5.57704
-5.57146
-5.56539
-5.55881
-5.55178
-5.54525
-5.53879
-5.53467
-5.53321
-5.53477
-5.54008
-5.54905
-5.55936
-5.57157
-5.58349
-5.59353
-5.60089
-5.60582
-5.60795
-5.60649
-5.60287
-5.59807
-5.5924
-5.58632
-5.58074
-5.57605
-5.57236
-5.56892
-5.56702
-5.56405
-5.56017
-5.55674
-5.55241
-5.54738
-5.54346
-5.54086
-5.54053
-5.54439
-5.5519
-5.563
-5.5766
-5.59053
-5.60484
-5.61621
-5.626
-5.63247
-5.63624
-5.63888
-5.63761
-5.63481
-5.62934
-5.62371
-5.6161
-5.60989
-5.60556
-5.60162
-5.59986
-5.59789
-5.59512
-5.59171
-5.58973
-5.59077
-5.59399
-5.59919
-5.6036
-5.60748
-5.60911
-5.60883
-5.60679
-5.60236
-5.59768
-5.59252
-5.58784
-5.58475
-5.58198
-5.57848
-5.57508
-5.57085
-5.56631
-5.56214
-5.5583
-5.5555
-5.55426
-5.55487
-5.55761
-5.56195
-5.56694
-5.57325
-5.58076
-5.5876
-5.59353
-5.59885
-5.60257
-5.60448
-5.60506
-5.60483
-5.60273
-5.60152
-5.59952
-5.59733
-5.59604
-5.59565
-5.59501
-5.59388
-5.59156
-5.5876
-5.58296
-5.57663
-5.56881
-5.55982
-5.55057
-5.54153
-5.53449
-5.53078
-5.52898
-5.53067
-5.53335
-5.53855
-5.54478
-5.55279
-5.56031
-5.56662
-5.57189
-5.57451
-5.57594
-5.57624
-5.57612
-5.57378
-5.57125
-5.5682
-5.56489
-5.56027
-5.55532
-5.55307
-5.55272
-5.55602
-5.56282
-5.57167
-5.58216
-5.5931
-5.60295
-5.60849
-5.61134
-5.6133
-5.6124
-5.61107
-5.60831
-5.60516
-5.603
-5.60107
-5.6001
-5.60009
-5.59929
-5.59797
-5.59401
-5.58883
-5.58367
-5.57781
-5.57309
-5.57035
-5.56821
-5.56696
-5.56625
-5.56597
-5.56466
-5.56415
-5.56264
-5.56065
-5.55708
-5.55232
-5.54647
-5.54031
-5.53316
-5.52656
-5.52157
-5.5176
-5.51355
-5.51007
-5.50764
-5.50407
-5.50042
-5.49819
-5.49667
-5.49463
-5.49267
-5.49001
-5.48666
-5.48404
-5.48158
-5.47816
-5.47657
-5.47591
-5.47877
-5.48385
-5.49085
-5.49989
-5.5104
-5.5227
-5.53665
-5.55172
-5.56787
-5.58187
-5.59637
-5.60948
-5.61887
-5.62797
-5.63389
-5.63679
-5.63726
-5.63582
-5.63167
-5.62679
-5.62044
-5.61249
-5.60412
-5.59531
-5.5866
-5.57887
-5.57031
-5.5631
-5.55597
-5.55139
-5.54828
-5.54678
-5.54728
-5.54908
-5.55345
-5.55705
-5.56072
-5.5658
-5.5687
-5.57089
-5.57233
-5.57134
-5.56912
-5.56759
-5.56685
-5.56659
-5.56734
-5.5693
-5.57088
-5.57268
-5.57317
-5.57134
-5.56758
-5.56348
-5.55807
-5.55291
-5.54974
-5.54716
-5.54502
-5.54378
-5.5424
-5.54029
-5.53769
-5.53596
-5.53521
-5.53327
-5.53445
-5.5351
-5.53705
-5.5402
-5.54279
-5.54399
-5.54355
-5.54081
-5.53737
-5.53238
-5.52748
-5.52391
-5.5225
-5.52335
-5.52739
-5.53435
-5.54291
-5.55213
-5.56151
-5.57084
-5.57874
-5.58589
-5.59181
-5.59674
-5.59941
-5.60152
-5.60103
-5.60063
-5.59649
-5.59042
-5.5827
-5.57336
-5.56373
-5.55538
-5.55103
-5.55049
-5.55534
-5.56185
-5.57216
-5.58354
-5.59456
-5.60443
-5.61259
-5.61953
-5.62554
-5.62922
-5.63037
-5.63091
-5.63044
-5.62954
-5.62844
-5.6285
-5.62781
-5.62816
-5.62764
-5.62791
-5.62568
-5.6217
-5.61706
-5.61109
-5.60396
-5.59627
-5.58919
-5.5833
-5.57785
-5.57198
-5.56668
-5.56237
-5.56177
-5.56251
-5.56645
-5.57136
-5.57869
-5.58699
-5.59699
-5.60629
-5.61666
-5.62475
-5.63165
-5.63599
-5.63878
-5.63815
-5.63562
-5.63095
-5.6241
-5.61497
-5.60545
-5.5952
-5.5856
-5.57743
-5.57126
-5.56775
-5.56676
-5.56633
-5.56648
-5.56801
-5.56905
-5.56922
-5.56883
-5.5678
-5.56519
-5.56194
-5.55703
-5.55203
-5.54531
-5.53872
-5.53272
-5.5275
-5.52414
-5.52303
-5.52312
-5.52464
-5.52719
-5.5291
-5.53016
-5.52972
-5.53026
-5.53192
-5.5352
-5.5415
-5.54849
-5.5567
-5.56532
-5.57276
-5.57815
-5.58045
-5.58014
-5.57828
-5.57504
-5.57117
-5.57015
-5.57108
-5.57484
-5.58005
-5.58609
-5.59241
-5.59675
-5.60049
-5.60263
-5.60293
-5.60059
-5.59653
-5.59041
-5.58275
-5.57422
-5.56466
-5.55467
-5.54493
-5.53556
-5.52581
-5.51671
-5.50891
-5.50316
-5.50033
-5.50114
-5.50368
-5.51005
-5.51898
-5.53025
-5.5439
-5.55793
-5.5718
-5.58441
-5.59571
-5.60454
-5.60933
-5.61144
-5.60985
-5.60564
-5.59964
-5.59123
-5.58257
-5.57262
-5.56399
-5.55861
-5.55439
-5.55186
-5.55257
-5.55659
-5.5624
-5.56868
-5.57668
-5.58631
-5.59426
-5.60138
-5.60575
-5.60706
-5.60405
-5.59773
-5.58766
-5.57516
-5.55999
-5.54351
-5.52891
-5.5136
-5.5016
-5.49346
-5.48993
-5.48979
-5.49435
-5.50156
-5.51079
-5.5222
-5.53452
-5.54733
-5.55949
-5.57224
-5.58121
-5.58916
-5.59499
-5.59866
-5.59805
-5.59546
-5.58973
-5.58085
-5.57176
-5.56167
-5.55057
-5.54029
-5.53119
-5.52376
-5.51921
-5.51573
-5.51447
-5.51533
-5.51981
-5.52575
-5.53231
-5.54078
-5.55041
-5.5593
-5.56856
-5.57593
-5.58368
-5.59057
-5.59646
-5.60084
-5.60485
-5.60745
-5.60995
-5.61081
-5.61128
-5.61042
-5.60831
-5.60233
-5.59616
