1.1
1.09999
1.09996
1.09991
1.09984
1.09975
1.09964
1.09951
1.09935
1.09918
1.09899
1.09878
1.09855
1.09829
1.09802
1.09772
1.09741
1.09707
1.09672
1.09634
1.09594
1.09552
1.09507
1.09461
1.09412
1.09361
1.09308
1.09252
1.09195
1.09135
1.09072
1.09007
1.0894
1.08871
1.08799
1.08724
1.08647
1.08567
1.08485
1.08401
1.08313
1.08223
1.0813
1.08035
1.07936
1.07835
1.07731
1.07624
1.07515
1.07402
1.07286
1.07167
1.07045
1.0692
1.06792
1.0666
1.06525
1.06387
1.06246
1.06101
1.05953
1.05801
1.05646
1.05487
1.05324
1.05158
1.04988
1.04814
1.04636
1.04454
1.04269
1.04079
1.03885
1.03687
1.03485
1.03279
1.03068
1.02853
1.02634
1.0241
1.02182
1.01949
1.01712
1.0147
1.01224
1.00972
1.00716
1.00455
1.00189
0.999186
0.996429
0.993623
0.990766
0.987859
0.984902
0.981892
0.978831
0.975719
0.972555
0.969339
0.966071
0.962751
0.95938
0.955956
0.95248
0.948952
0.945371
0.941738
0.938053
0.934316
0.930527
0.926687
0.922795
0.918852
0.91486
0.910817
0.906726
0.902586
0.898398
0.894163
0.889882
0.885555
0.881183
0.876767
0.872309
0.867808
0.863267
0.858687
0.854068
0.849412
0.84472
0.839994
0.835235
0.830446
0.825626
0.820779
0.815906
0.811008
0.806089
0.801148
0.796189
0.791214
0.786223
0.78122
0.776207
0.771185
0.766158
0.761126
0.756093
0.751061
0.746032
0.741008
0.735991
0.730983
0.725988
0.721006
0.716041
0.711094
0.706169
0.701267
0.696391
0.691543
0.686726
0.681941
0.67719
0.672477
0.667803
0.66317
0.65858
0.654035
0.649536
0.645087
0.640688
0.636342
0.632049
0.627813
0.623635
0.619516
0.615457
0.61146
0.607527
0.603658
0.599855
0.596118
0.59245
0.58885
0.58532
0.58186
0.578473
0.575157
0.571914
0.568745
0.56565
0.562628
0.559682
0.556811
0.554015
0.551295
0.54865
0.546081
0.543587
0.541169
0.538826
0.536558
0.534365
0.532246
0.530203
0.528232
0.526336
0.524512
0.52276
0.52108
0.519471
0.517931
0.516462
0.515061
0.513728
0.512462
0.511262
0.510127
0.509056
0.508049
0.507104
0.50622
0.505396
0.504632
0.503925
0.503276
0.502682
0.502142
0.501656
0.501222
0.500839
0.500506
0.500221
0.499984
0.499793
0.499647
0.499544
0.499483
0.499464
0.499483
0.499541
0.499637
0.499768
0.499934
0.500134
0.500366
0.500629
0.500921
0.501243
0.501591
0.501966
0.502366
0.50279
0.503236
0.503704
0.504193
0.5047
0.505226
0.505769
0.506328
0.506902
0.507489
0.50809
0.508702
0.509325
0.509958
0.510601
0.511251
0.511908
0.512572
0.513241
0.513915
0.514593
0.515275
0.515959
0.516645
0.517333
0.518022
0.518711
0.5194
0.520088
0.520776
0.521461
0.522145
0.522827
0.523506
0.524183
0.524857
0.525527
0.526194
0.526858
0.527519
0.528176
0.528829
0.529478
0.530124
0.530766
0.531404
0.532039
0.532671
0.533299
0.533925
0.534548
0.535169
0.535788
0.536405
0.537021
0.537635
0.538249
0.538862
0.539475
0.540088
0.540702
0.541316
0.541932
0.54255
0.543169
0.54379
0.544414
0.545041
0.54567
0.546302
0.546938
0.547577
0.54822
0.548867
0.549517
0.550171
0.550829
0.55149
0.552156
0.552825
0.553498
0.554174
0.554854
0.555537
0.556223
0.556912
0.557603
0.558295
0.558989
0.559685
0.560381
0.561077
0.561774
0.562471
0.563166
0.563859
0.56455
0.565239
0.565924
0.566605
0.567281
0.567952
0.568618
0.569277
0.56993
0.570575
0.571212
0.57184
0.572458
0.573067
0.573665
0.574251
0.574827
0.57539
0.575941
0.576478
0.577003
0.577513
0.578009
0.578489
0.578955
0.579404
0.579837
0.580254
0.580654
0.581038
0.581403
0.581752
0.582082
0.582394
0.582688
0.582964
0.58322
0.583458
0.583676
0.583876
0.584056
0.584217
0.584359
0.584481
0.584584
0.584667
0.584731
0.584775
0.584799
0.584805
0.584791
0.584757
0.584704
0.584631
0.584539
0.584428
0.584298
0.584149
0.583981
0.583795
0.583589
0.583365
0.583123
0.582862
0.582584
0.582287
0.581974
0.581643
0.581295
0.580931
0.580551
0.580154
0.579741
0.579313
0.57887
0.578412
0.577938
0.577451
0.576948
0.576432
0.575903
0.57536
0.574804
0.574237
0.573658
0.573067
0.572465
0.571853
0.571232
0.570601
0.569961
0.569314
0.568659
0.567998
0.567331
0.566658
0.565981
0.5653
0.564616
0.56393
0.563242
0.562554
0.561866
0.561179
0.560494
0.559811
0.559133
0.558459
0.55779
0.557129
0.556475
0.555828
0.555191
0.554564
0.553948
0.553343
0.552751
0.552173
0.55161
0.551063
0.550531
0.550016
0.549518
0.549039
0.548579
0.548138
0.547718
0.547318
0.546939
0.546582
0.546247
0.545934
0.545645
0.545378
0.545134
0.544914
0.544717
0.544543
0.544393
0.544266
0.544163
0.544084
0.544027
0.543994
0.543983
0.543995
0.544028
0.544083
0.544159
0.544255
0.544371
0.544507
0.544662
0.544835
0.545026
0.545234
0.545459
0.545699
0.545955
0.546225
0.546509
0.546807
0.547117
0.547439
0.547772
0.548116
0.548469
0.548832
0.549203
0.549583
0.549971
0.550366
0.550768
0.551176
0.55159
0.552009
0.552433
0.552861
0.553293
0.553729
0.554168
0.554611
0.555056
0.555504
0.555953
0.556405
0.556859
0.557315
0.557773
0.558233
0.558694
0.559157
0.559622
0.560089
0.560558
0.561028
0.5615
0.561974
0.562449
0.562927
0.563406
0.563888
0.564372
0.564858
0.565347
0.565838
0.566333
0.566831
0.567331
0.567835
0.568342
0.568853
0.569367
0.569885
0.570406
0.570932
0.571461
0.571994
0.572531
0.573072
0.573617
0.574166
0.574719
0.575275
0.575835
0.576399
0.576967
0.577538
0.578112
0.578689
0.579269
0.57985
0.580434
0.581019
0.581605
0.582192
0.582779
0.583366
0.583953
0.584539
0.585123
0.585705
0.586285
0.586861
0.587433
0.588
0.588563
0.589119
0.589669
0.590213
0.590748
0.591275
0.591792
0.592298
0.592793
0.593277
0.593747
0.594205
0.594648
0.595076
0.59549
0.595886
0.596266
0.596628
0.596971
0.597295
0.597598
0.597881
0.598142
0.598381
0.598597
0.59879
0.598958
0.599102
0.599221
0.599314
0.599381
0.59942
0.599432
0.599416
0.599371
0.599298
0.599196
0.599064
0.598902
0.598709
0.598485
0.598231
0.597945
0.597628
0.597279
0.596899
0.596485
0.59604
0.595563
0.595053
0.594511
0.593937
0.593331
0.592692
0.592022
0.591321
0.590588
0.589824
0.58903
0.588205
0.587351
0.586467
0.585555
0.584616
0.583649
0.582657
0.58164
0.580598
0.579534
0.578447
0.57734
0.576214
0.575071
0.573911
0.572737
0.57155
0.570352
0.569145
0.567931
0.566712
0.56549
0.564268
0.563047
0.561831
0.560621
0.55942
0.558231
0.557055
0.555897
0.554758
0.553641
0.552549
0.551485
0.55045
0.549448
0.54848
0.54755
0.54666
0.545812
0.545008
0.544251
0.543542
0.542884
0.542277
0.541723
0.541225
0.540783
0.540398
0.540071
0.539802
0.539593
0.539444
0.539354
0.539324
0.539354
0.539443
0.539591
0.539797
0.54006
0.540381
0.540756
0.541186
0.54167
0.542204
0.542789
0.543423
0.544104
0.54483
0.545601
0.546413
0.547265
0.548155
0.549081
0.550041
0.551034
0.552056
0.553106
0.554183
0.555284
0.556408
0.557552
0.558714
0.559892
0.561085
0.56229
0.563506
0.564731
0.565963
0.5672
0.56844
0.569681
0.570921
0.57216
0.573394
0.574621
0.575841
0.577051
0.578249
0.579435
0.580605
0.581758
0.582893
0.584009
0.585103
0.586173
0.587219
0.588239
0.589231
0.590194
0.591126
0.592027
0.592894
0.593727
0.594524
0.595284
0.596006
0.596688
0.59733
0.597932
0.59849
0.599006
0.599478
0.599905
0.600287
0.600624
0.600914
0.601158
0.601355
0.601504
0.601607
0.601661
0.601669
0.601628
0.60154
0.601405
0.601223
0.600995
0.600721
0.600402
0.600037
0.599629
0.599177
0.598683
0.598148
0.597571
0.596955
0.5963
0.595608
0.59488
0.594117
0.593321
0.592492
0.591634
0.590746
0.589831
0.58889
0.587924
0.586935
0.585924
0.584894
0.583846
0.582781
0.5817
0.580606
0.579501
0.578384
0.577259
0.576125
0.574984
0.573839
0.57269
0.571538
0.570385
0.569231
0.568078
0.566927
0.565778
0.564632
0.563492
0.562356
0.561227
0.560104
0.558988
0.55788
0.556779
0.555687
0.554604
0.553531
0.552467
0.551413
0.550369
0.549334
0.54831
0.547295
0.546291
0.545296
0.544311
0.543336
0.542371
0.541416
0.54047
0.539535
0.538609
0.537692
0.536786
0.53589
0.535002
0.534125
0.533257
0.532398
0.531549
0.53071
0.52988
0.529059
0.528248
0.527447
0.526655
0.525872
0.5251
0.524337
0.523584
0.522841
0.522108
0.521385
0.520672
0.51997
0.519278
0.518597
0.517926
0.517267
0.51662
0.515983
0.515359
0.514746
0.514146
0.513558
0.512982
0.512418
0.511867
0.511329
0.510804
0.510293
0.509794
0.50931
0.508839
0.508382
0.507939
0.507511
0.507097
0.506698
0.506314
0.505944
0.50559
0.50525
0.504925
0.504614
0.504319
0.504039
0.503774
0.503524
0.503289
0.503069
0.502864
0.502674
0.502499
0.502339
0.502194
0.502064
0.501948
0.501847
0.501761
0.50169
0.501632
0.50159
0.501561
0.501547
0.501547
0.50156
0.501588
0.501629
0.501683
0.501751
0.501833
0.501928
0.502036
0.502156
0.50229
0.502436
0.502595
0.502765
0.502949
0.503144
0.503351
0.503569
0.5038
0.504042
0.504295
0.50456
0.504836
0.505122
0.50542
0.505728
0.506046
0.506375
0.506714
0.507062
0.507421
0.507789
0.508167
0.508553
0.508949
0.509354
0.509766
0.510187
0.510616
0.511052
0.511496
0.511947
0.512405
0.512869
0.513339
0.513815
0.514297
0.514785
0.515277
0.515774
0.516275
0.51678
0.517288
0.5178
0.518314
0.518831
0.51935
0.51987
0.520392
0.520915
0.521438
0.521961
0.522484
0.523006
0.523526
0.524045
0.524562
0.525076
1.10035
1.10103
1.10164
1.10216
1.10261
1.10298
1.10328
1.1035
1.10363
1.10369
1.10368
1.10358
1.1034
1.10315
1.10282
1.10241
1.10192
1.10136
1.10072
1.1
1.0992
1.09833
1.09739
1.09637
1.09528
1.09412
1.09289
1.09159
1.09022
1.08878
1.08728
1.08572
1.0841
1.08242
1.08068
1.07889
1.07705
1.07515
1.07321
1.07123
1.0692
1.06714
1.06504
1.06291
1.06075
1.05856
1.05635
1.05412
1.05187
1.04961
1.04734
1.04506
1.04279
1.04051
1.03824
1.03598
1.03373
1.03149
1.02927
1.02708
1.02491
1.02276
1.02065
1.01857
1.01652
1.01452
1.01255
1.01063
1.00875
1.00691
1.00513
1.0034
1.00171
1.00008
0.998508
0.996985
0.995517
0.994105
0.992748
0.991448
0.990202
0.989012
0.987877
0.986797
0.985771
0.984798
0.983877
0.983008
0.98219
0.98142
0.980699
0.980024
0.979394
0.978807
0.978263
0.977759
0.977295
0.976869
0.976479
0.976123
0.9758
0.975509
0.975248
0.975015
0.974808
0.974626
0.974468
0.974331
0.974216
0.974119
0.974041
0.973981
0.973936
0.973906
0.97389
0.973888
0.973897
0.973919
0.973953
0.973997
0.974052
0.974117
0.974192
0.974276
0.974371
0.974476
0.974591
0.974717
0.974854
0.975003
0.975164
0.975338
0.975526
0.975728
0.975944
0.976177
0.976427
0.976695
0.976981
0.977287
0.977614
0.977962
0.978333
0.978725
0.979142
0.979582
0.980047
0.980537
0.981052
0.981594
0.98216
0.982752
0.983369
0.98401
0.984676
0.985365
0.986076
0.98681
0.987563
0.988335
0.989125
0.98993
0.99075
0.991581
0.992422
0.993272
0.994127
0.994985
0.995844
0.996701
0.997554
0.998399
0.999236
1.00006
1.00087
1.00167
1.00244
1.00319
1.00392
1.00463
1.0053
1.00595
1.00656
1.00714
1.00768
1.00819
1.00865
1.00908
1.00947
1.00981
1.01011
1.01037
1.01058
1.01075
1.01088
1.01096
1.011
1.011
1.01095
1.01085
1.01072
1.01054
1.01032
1.01006
1.00976
1.00943
1.00905
1.00864
1.00819
1.00771
1.0072
1.00666
1.00608
1.00548
1.00485
1.0042
1.00352
1.00282
1.0021
1.00135
1.00059
0.999813
0.999021
0.998214
0.997395
0.996565
0.995726
0.994879
0.994025
0.993165
0.992301
0.991434
0.990564
0.989693
0.988823
0.987954
0.987088
0.986224
0.985365
0.984512
0.983665
0.982825
0.981994
0.98117
0.980357
0.979554
0.978762
0.977982
0.977214
0.976459
0.975719
0.974993
0.974281
0.973584
0.972903
0.972238
0.971588
0.970956
0.97034
0.969741
0.96916
0.968596
0.968051
0.967523
0.967013
0.966522
0.966048
0.965593
0.965156
0.964737
0.964336
0.963955
0.963592
0.963246
0.962919
0.962611
0.962321
0.962049
0.961795
0.961558
0.961338
0.961135
0.96095
0.960781
0.960628
0.960492
0.960372
0.960268
0.960179
0.960106
0.960047
0.960003
0.959972
0.959956
0.959954
0.959965
0.959989
0.960026
0.960075
0.960135
0.960206
0.960289
0.960382
0.960484
0.960597
0.960719
0.960851
0.960991
0.96114
0.961296
0.961459
0.961629
0.961806
0.961989
0.962178
0.962372
0.96257
0.962772
0.962979
0.963189
0.963402
0.963618
0.963835
0.964054
0.964274
0.964494
0.964715
0.964936
0.965155
0.965374
0.965592
0.965807
0.96602
0.96623
0.966437
0.966641
0.96684
0.967036
0.967228
0.967415
0.967597
0.967775
0.967948
0.968116
0.968278
0.968435
0.968587
0.968733
0.968873
0.969008
0.969137
0.96926
0.969377
0.969489
0.969594
0.969693
0.969787
0.969874
0.969955
0.970032
0.970102
0.970167
0.970227
0.970283
0.970333
0.970378
0.970419
0.970454
0.970485
0.970511
0.970533
0.970551
0.970564
0.970573
0.970579
0.97058
0.970578
0.970572
0.970561
0.970545
0.970524
0.970498
0.970467
0.970431
0.970391
0.970344
0.970292
0.970234
0.970169
0.970097
0.970017
0.969931
0.969837
0.969735
0.969624
0.969504
0.969374
0.969234
0.969082
0.96892
0.968745
0.968559
0.968361
0.968149
0.967923
0.967683
0.967428
0.967157
0.966869
0.966565
0.966242
0.965901
0.965541
0.965161
0.96476
0.964337
0.963892
0.963425
0.962933
0.962418
0.961879
0.961313
0.960722
0.960103
0.959458
0.958785
0.958083
0.957353
0.956595
0.955807
0.95499
0.954143
0.953266
0.952359
0.951422
0.950456
0.949459
0.948434
0.947378
0.946294
0.94518
0.944039
0.94287
0.941673
0.94045
0.939201
0.937926
0.936627
0.935305
0.93396
0.932593
0.931206
0.929799
0.928373
0.926929
0.925469
0.923993
0.922504
0.921002
0.919488
0.917965
0.916433
0.914894
0.913348
0.911799
0.910246
0.908692
0.907138
0.905586
0.904037
0.902494
0.900956
0.899427
0.897907
0.896399
0.894903
0.893423
0.891959
0.890513
0.889088
0.887685
0.886305
0.884952
0.883627
0.882331
0.881066
0.879835
0.878639
0.877479
0.87636
0.875281
0.874246
0.873256
0.872311
0.871415
0.870569
0.869775
0.869034
0.868349
0.86772
0.86715
0.86664
0.866191
0.865804
0.865481
0.865222
0.865028
0.864901
0.864841
0.86485
0.864927
0.865072
0.865286
0.865568
0.865919
0.866339
0.866826
0.86738
0.868002
0.868689
0.869442
0.870259
0.871138
0.872078
0.873078
0.874136
0.875251
0.876419
0.87764
0.878911
0.880229
0.881593
0.883001
0.884449
0.885934
0.887456
0.88901
0.890594
0.892205
0.89384
0.895496
0.897171
0.898862
0.900565
0.902278
0.903999
0.905724
0.90745
0.909175
0.910895
0.912608
0.914313
0.916004
0.917682
0.919343
0.920985
0.922607
0.924205
0.925778
0.927324
0.928841
0.930328
0.931783
0.933204
0.934591
0.935942
0.937255
0.93853
0.939765
0.94096
0.942115
0.943229
0.944302
0.945332
0.946321
0.947266
0.948169
0.94903
0.949847
0.950623
0.951356
0.952049
0.952699
0.95331
0.95388
0.954411
0.954902
0.955356
0.955772
0.956151
0.956494
0.956801
0.957073
0.957311
0.957516
0.957689
0.957829
0.957938
0.958017
0.958066
0.958086
0.958078
0.958043
0.95798
0.957891
0.957776
0.957636
0.95747
0.957279
0.957064
0.956825
0.956563
0.956278
0.955969
0.955638
0.955285
0.954908
0.95451
0.95409
0.953648
0.953185
0.9527
0.952195
0.951669
0.951122
0.950555
0.949967
0.949361
0.948734
0.948089
0.947424
0.946741
0.94604
0.945322
0.944587
0.943835
0.943068
0.942286
0.94149
0.940681
0.93986
0.939029
0.938187
0.937336
0.936479
0.935615
0.934747
0.933876
0.933003
0.93213
0.931259
0.930391
0.929528
0.928672
0.927825
0.926988
0.926163
0.925353
0.92456
0.923786
0.923034
0.922304
0.921598
0.920919
0.920268
0.919647
0.919058
0.918502
0.91798
0.917495
0.917049
0.916641
0.916274
0.915949
0.915667
0.915429
0.915236
0.915088
0.914986
0.91493
0.914922
0.91496
0.915046
0.91518
0.915361
0.915589
0.915865
0.916188
0.916557
0.916972
0.917433
0.917937
0.918485
0.919075
0.919705
0.920374
0.921081
0.921825
0.922602
0.923413
0.924256
0.925128
0.926027
0.926952
0.9279
0.928869
0.929856
0.93086
0.931878
0.932908
0.933948
0.934994
0.936044
0.937097
0.938148
0.939197
0.94024
0.941275
0.942301
0.943314
0.944313
0.945296
0.946259
0.947202
0.948122
0.949018
0.949887
0.95073
0.951543
0.952326
0.953079
0.953799
0.954486
0.95514
0.95576
0.956346
0.956898
0.957416
0.957899
0.958349
0.958765
0.959148
0.9595
0.95982
0.960111
0.960373
0.960607
0.960814
0.960997
0.961156
0.961293
0.96141
0.961509
0.961591
0.961659
0.961713
0.961757
0.961791
0.961817
0.961838
0.961856
0.961872
0.961888
0.961906
0.961928
0.961954
0.961987
0.962029
0.96208
0.962143
0.962219
0.962308
0.962413
0.962534
0.962671
0.962828
0.963003
0.963198
0.963414
0.96365
0.963908
0.964187
0.964489
0.964812
0.965157
0.965525
0.965915
0.966328
0.966762
0.967218
0.967696
0.968195
0.968716
0.969258
0.96982
0.970403
0.971004
0.971624
0.972263
0.972919
0.973593
0.974282
0.974988
0.975708
0.976444
0.977193
0.977956
0.978731
0.979518
0.980316
0.981125
0.981944
0.982773
0.983611
0.984457
0.985311
0.986172
0.98704
0.987913
0.988791
0.989674
0.990562
0.991453
0.992348
0.993246
0.994147
0.995051
0.995958
0.996866
0.997776
0.998687
0.999599
1.00051
1.00143
1.00234
1.00326
1.00417
1.00509
1.006
1.00692
1.00783
1.00875
1.00966
1.01058
1.0115
1.01241
1.01333
1.01425
1.01516
1.01608
1.017
1.01792
1.01884
1.01976
1.02068
1.02161
1.02253
1.02346
1.02439
1.02532
1.02625
1.02718
1.02812
1.02906
1.02999
1.03093
1.03187
1.03282
1.03376
1.0347
1.03565
1.03659
1.03754
1.03849
1.03943
1.04038
1.04133
1.04227
1.04321
1.04416
1.0451
1.04603
1.04696
1.04789
1.04882
1.04974
1.05065
1.05156
1.05245
1.05335
1.05423
1.0551
1.05597
1.05682
1.05766
1.05849
1.05931
1.06011
1.0609
1.06167
1.06243
1.06316
1.06388
1.06458
1.06526
1.06592
1.06656
1.06717
1.06776
1.06833
1.06888
1.06939
1.06988
1.07035
1.07078
1.07119
1.07157
1.07192
1.07224
1.07252
1.07278
1.07301
1.0732
1.07336
1.07349
1.07359
1.07365
1.07368
1.07368
1.07365
1.07358
1.07348
1.07334
1.07318
1.07298
1.07275
1.07249
1.07219
1.07187
1.07151
1.07112
1.0707
1.07025
1.06977
1.06926
1.06871
1.06814
1.06755
1.06692
1.06626
1.06558
1.06487
1.06414
1.06338
1.06259
1.06178
1.06095
1.06008
1.0592
1.05829
1.05736
1.05641
1.05543
1.05443
1.05341
1.05236
1.0513
1.05021
1.0491
1.04798
1.04683
1.04566
1.04447
1.04326
1.04203
1.04078
1.03952
1.03823
1.03693
1.0356
1.03426
1.03291
1.03153
1.03014
1.02874
1.02732
1.02588
1.02443
1.02297
1.02149
1.02
1.01851
1.017
1.01548
1.01395
1.01242
1.01088
1.00933
1.00779
1.00623
1.09917
1.09754
1.09589
1.09424
1.09258
1.09091
1.08924
1.08756
1.08589
1.08421
1.08253
1.08086
1.07919
1.07752
1.07586
1.07421
1.07257
1.07094
1.06932
1.06772
1.06613
1.06455
1.06299
1.06145
1.05993
1.05843
1.05695
1.05549
1.05406
1.05265
1.05127
1.04991
1.04858
1.04728
1.04601
1.04477
1.04356
1.04239
1.04124
1.04013
1.03906
1.03802
1.03701
1.03605
1.03512
1.03422
1.03337
1.03256
1.03178
1.03104
1.03035
1.0297
1.02908
1.02851
1.02799
1.0275
1.02706
1.02666
1.0263
1.02599
1.02572
1.02549
1.02531
1.02517
1.02507
1.02501
1.02499
1.02501
1.02507
1.02518
1.02532
1.02549
1.02571
1.02595
1.02624
1.02655
1.0269
1.02727
1.02767
1.0281
1.02855
1.02903
1.02952
1.03004
1.03057
1.03111
1.03166
1.03222
1.03279
1.03336
1.03393
1.0345
1.03506
1.03562
1.03617
1.0367
1.03721
1.0377
1.03817
1.03861
1.03902
1.0394
1.03974
1.04003
1.04028
1.04049
1.04064
1.04074
1.04077
1.04075
1.04066
1.04051
1.04028
1.03998
1.03961
1.03915
1.03862
1.038
1.03731
1.03652
1.03565
1.03469
1.03365
1.03252
1.0313
1.03
1.02862
1.02715
1.0256
1.02398
1.02228
1.02051
1.01867
1.01677
1.01482
1.01282
1.01077
1.00869
1.00658
1.00444
1.00229
1.00013
0.997973
0.995827
0.993699
0.991598
0.989533
0.987512
0.985544
0.983636
0.981795
0.98003
0.978347
0.976752
0.97525
0.973846
0.972546
0.971351
0.970265
0.96929
0.968426
0.967674
0.967034
0.966504
0.966084
0.965771
0.965562
0.965454
0.965442
0.965523
0.965691
0.965942
0.96627
0.96667
0.967136
0.967663
0.968246
0.96888
0.969558
0.970277
0.971031
0.971816
0.972627
0.97346
0.974311
0.975176
0.976052
0.976936
0.977825
0.978715
0.979605
0.980491
0.981373
0.982248
0.983115
0.983972
0.984817
0.985649
0.986467
0.987271
0.98806
0.988833
0.989588
0.990326
0.991047
0.991748
0.992431
0.993094
0.993738
0.994361
0.994965
0.995547
0.99611
0.996651
0.99717
0.997668
0.998143
0.998596
0.999028
0.999437
0.999823
1.00019
1.00053
1.00084
1.00114
1.00141
1.00165
1.00187
1.00207
1.00225
1.0024
1.00252
1.00263
1.0027
1.00275
1.00278
1.00278
1.00276
1.00272
1.00265
1.00255
1.00243
1.00229
1.00213
1.00194
1.00173
1.0015
1.00124
1.00097
1.00067
1.00036
1.00003
0.999674
0.999303
0.998916
0.998512
0.998091
0.997656
0.997207
0.996745
0.99627
0.995784
0.995289
0.994784
0.994271
0.993752
0.993228
0.9927
0.992169
0.991635
0.991101
0.990567
0.990035
0.989504
0.988977
0.988454
0.987937
0.987427
0.986925
0.986431
0.985948
0.985476
0.985017
0.984571
0.984138
0.98372
0.983318
0.982931
0.982561
0.982208
0.981874
0.981557
0.98126
0.980983
0.980724
0.980485
0.980267
0.980069
0.97989
0.979732
0.979593
0.979476
0.979378
0.979299
0.979238
0.979197
0.979174
0.979169
0.97918
0.979208
0.979252
0.979309
0.979381
0.979466
0.979564
0.979673
0.979792
0.979921
0.980058
0.980202
0.980353
0.980509
0.980669
0.980832
0.980997
0.981164
0.98133
0.981494
0.981656
0.981815
0.981968
0.982116
0.982257
0.982389
0.982513
0.982626
0.982728
0.982818
0.982895
0.982958
0.983006
0.983037
0.983052
0.98305
0.983029
0.982989
0.982927
0.982845
0.98274
0.982613
0.982462
0.982287
0.982088
0.981862
0.981611
0.981333
0.981029
0.980697
0.980338
0.979951
0.979537
0.979094
0.978622
0.978121
0.97759
0.977031
0.976443
0.975826
0.97518
0.974506
0.973804
0.973074
0.972318
0.971537
0.97073
0.9699
0.969046
0.96817
0.967273
0.966355
0.965418
0.964464
0.963492
0.962506
0.961506
0.960493
0.959471
0.95844
0.957402
0.956359
0.955312
0.954264
0.953216
0.952171
0.95113
0.950096
0.94907
0.948055
0.947051
0.946062
0.945089
0.944133
0.943198
0.942284
0.941393
0.940529
0.939691
0.938883
0.938106
0.937363
0.936655
0.935983
0.93535
0.934756
0.934203
0.933694
0.933229
0.932811
0.932441
0.93212
0.93185
0.931632
0.931468
0.931358
0.931303
0.931306
0.931367
0.931486
0.931666
0.931906
0.932207
0.932569
0.932994
0.933482
0.934033
0.934648
0.935327
0.936069
0.936875
0.937744
0.938676
0.93967
0.940725
0.941842
0.943019
0.944255
0.94555
0.946901
0.948308
0.949769
0.951282
0.952846
0.954458
0.956118
0.957823
0.95957
0.961358
0.963184
0.965045
0.96694
0.968864
0.970816
0.972793
0.974792
0.97681
0.978845
0.980893
0.98295
0.985015
0.987085
0.989156
0.991226
0.99329
0.995347
0.997394
0.999427
1.00144
1.00344
1.00542
1.00737
1.00929
1.01118
1.01304
1.01487
1.01666
1.0184
1.02011
1.02177
1.02338
1.02494
1.02645
1.02792
1.02932
1.03067
1.03196
1.0332
1.03437
1.03548
1.03653
1.03752
1.03844
1.0393
1.04009
1.04081
1.04147
1.04206
1.04259
1.04305
1.04344
1.04377
1.04403
1.04422
1.04435
1.04441
1.04442
1.04436
1.04424
1.04406
1.04382
1.04353
1.04318
1.04277
1.04232
1.04181
1.04126
1.04066
1.04002
1.03934
1.03862
1.03786
1.03707
1.03625
1.0354
1.03452
1.03362
1.0327
1.03177
1.03081
1.02985
1.02887
1.02789
1.0269
1.02592
1.02493
1.02395
1.02297
1.022
1.02105
1.0201
1.01918
1.01827
1.01738
1.01651
1.01567
1.01485
1.01406
1.01329
1.01256
1.01186
1.0112
1.01056
1.00996
1.0094
1.00888
1.00839
1.00794
1.00753
1.00716
1.00682
1.00653
1.00627
1.00606
1.00588
1.00575
1.00565
1.00559
1.00557
1.00559
1.00565
1.00574
1.00586
1.00602
1.00622
1.00645
1.00672
1.00702
1.00734
1.0077
1.00809
1.00851
1.00896
1.00943
1.00993
1.01045
1.011
1.01158
1.01217
1.01279
1.01343
1.01409
1.01477
1.01547
1.01619
1.01692
1.01767
1.01844
1.01922
1.02002
1.02083
1.02165
1.02249
1.02333
1.02419
1.02506
1.02594
1.02683
1.02772
1.02863
1.02954
1.03045
1.03137
1.0323
1.03323
1.03416
1.03509
1.03602
1.03696
1.03789
1.03882
1.03975
1.04068
1.0416
1.04252
1.04343
1.04433
1.04522
1.04611
1.04698
1.04784
1.04869
1.04952
1.05034
1.05114
1.05192
1.05269
1.05343
1.05415
1.05485
1.05552
1.05618
1.0568
1.0574
1.05797
1.05851
1.05902
1.0595
1.05994
1.06036
1.06074
1.06108
1.06139
1.06167
1.0619
1.0621
1.06226
1.06238
1.06247
1.06251
1.06252
1.06249
1.06241
1.0623
1.06215
1.06196
1.06173
1.06146
1.06115
1.0608
1.06042
1.06
1.05954
1.05905
1.05852
1.05796
1.05736
1.05673
1.05608
1.05539
1.05467
1.05392
1.05314
1.05234
1.05152
1.05067
1.0498
1.0489
1.04799
1.04706
1.04611
1.04515
1.04417
1.04317
1.04217
1.04115
1.04012
1.03908
1.03804
1.03698
1.03593
1.03486
1.0338
1.03272
1.03165
1.03058
1.0295
1.02843
1.02736
1.02628
1.02522
1.02415
1.02309
1.02203
1.02098
1.01994
1.0189
1.01787
1.01684
1.01583
1.01482
1.01382
1.01283
1.01185
1.01088
1.00993
1.00898
1.00804
1.00712
1.00621
1.00532
1.00443
1.00357
1.00271
1.00187
1.00104
1.00023
0.999438
0.998658
0.997894
0.997145
0.996412
0.995695
0.994993
0.994308
0.993638
0.992984
0.992347
0.991726
0.991121
0.990534
0.989962
0.989407
0.988867
0.988343
0.987835
0.987342
0.986864
0.986401
0.985953
0.985518
0.985097
0.98469
0.984296
0.983916
0.983547
0.983191
0.982845
0.982511
0.982187
0.981873
0.981569
0.981273
0.980985
0.980705
0.980433
0.980167
0.979906
0.979652
0.979402
0.979157
0.978915
0.978676
0.97844
0.978204
0.97797
0.977736
0.977504
0.97727
0.977036
0.976799
0.976559
0.976317
0.976071
0.975821
0.975566
0.975306
0.975041
0.974769
0.974491
0.974206
0.973913
0.973612
0.973302
0.972982
0.972654
0.972315
0.971967
0.971607
0.971237
0.970855
0.970461
0.970056
0.969639
0.969209
0.968767
0.968312
0.967845
0.967364
0.966871
0.966365
0.965846
0.965314
0.96477
0.964213
0.963644
0.963063
0.96247
0.961866
0.961251
0.960625
0.95999
0.959344
0.958688
0.958024
0.957351
0.956671
0.955984
0.95529
0.954591
0.953886
0.953178
0.952466
0.951751
0.951035
0.950318
0.949601
0.948886
0.948173
0.947463
0.946756
0.946055
0.94536
0.944672
0.943992
0.94332
0.942659
0.94201
0.941373
0.940749
0.94014
0.939547
0.938971
0.938412
0.937872
0.937352
0.936853
0.936375
0.935921
0.93549
0.935085
0.934706
0.934354
0.934029
0.933732
0.933465
0.933228
0.933021
0.932846
0.932703
0.932593
0.932517
0.932475
0.932467
0.932494
0.932556
0.932653
0.932785
0.932954
0.933158
0.933399
0.933676
0.933989
0.934338
0.934725
0.935147
0.935605
0.936098
0.936627
0.937191
0.93779
0.938422
0.939088
0.939787
0.940518
0.941281
0.942074
0.942897
0.943749
0.944629
0.945535
0.946468
0.947426
0.948407
0.94941
0.950435
0.95148
0.952543
0.953623
0.95472
0.955831
0.956956
0.958094
0.959242
0.960399
0.961564
0.962735
0.96391
0.965089
0.96627
0.96745
0.96863
0.969806
0.970979
0.972145
0.973305
0.974456
0.975597
0.976726
0.977843
0.978947
0.980036
0.981108
0.982163
0.9832
0.984216
0.985211
0.986185
0.987136
0.988063
0.988965
0.98984
0.990689
0.991509
0.992301
0.993064
0.993796
0.994497
0.995167
0.995805
0.99641
0.996982
0.99752
0.998024
0.998493
0.998927
0.999326
0.999688
1.00001
1.0003
1.00056
1.00077
1.00095
1.00109
1.0012
1.00126
1.00129
1.00128
1.00123
1.00114
1.00102
1.00086
1.00066
1.00042
1.00015
0.999836
0.999486
0.9991
0.998676
0.998216
0.99772
0.997187
1.09966
1.09898
1.09825
1.09747
1.09665
1.09577
1.09485
1.09389
1.09288
1.09182
1.09072
1.08958
1.08839
1.08716
1.08589
1.08458
1.08324
1.08185
1.08043
1.07897
1.07747
1.07595
1.07439
1.0728
1.07118
1.06953
1.06785
1.06615
1.06442
1.06268
1.06091
1.05912
1.05732
1.0555
1.05366
1.05182
1.04997
1.04811
1.04624
1.04437
1.04249
1.04062
1.03875
1.03688
1.03502
1.03317
1.03132
1.02949
1.02767
1.02587
1.02408
1.02231
1.02057
1.01884
1.01715
1.01547
1.01383
1.01221
1.01062
1.00907
1.00755
1.00606
1.00461
1.0032
1.00182
1.00048
0.999186
0.997927
0.996708
0.995529
0.994392
0.993296
0.992242
0.99123
0.99026
0.989331
0.988444
0.987599
0.986794
0.98603
0.985305
0.984619
0.983973
0.983364
0.982793
0.982258
0.981759
0.981295
0.980864
0.980465
0.980098
0.979761
0.979453
0.979173
0.97892
0.978693
0.978492
0.978313
0.978156
0.97802
0.977904
0.977807
0.977727
0.977664
0.977617
0.977584
0.977565
0.977558
0.977563
0.977577
0.977602
0.977635
0.977675
0.977722
0.977775
0.977833
0.977897
0.977964
0.978035
0.978109
0.978186
0.978265
0.978347
0.978432
0.978519
0.978608
0.978698
0.978791
0.978886
0.978984
0.979084
0.979188
0.979296
0.979408
0.979525
0.979648
0.979777
0.979912
0.980056
0.980208
0.980369
0.980541
0.980723
0.980918
0.981124
0.981344
0.981579
0.981828
0.982094
0.982376
0.982675
0.982992
0.983327
0.983681
0.984053
0.984445
0.984856
0.985287
0.985738
0.986207
0.986696
0.987204
0.987731
0.988277
0.98884
0.98942
0.990016
0.990628
0.991253
0.991893
0.992544
0.993207
0.993881
0.994564
0.995255
0.995954
0.996658
0.997366
0.998078
0.998792
0.999508
1.00022
1.00094
1.00165
1.00236
1.00307
1.00377
1.00446
1.00514
1.00582
1.00649
1.00715
1.00779
1.00843
1.00905
1.00966
1.01026
1.01084
1.01142
1.01197
1.01251
1.01304
1.01355
1.01405
1.01453
1.01499
1.01544
1.01588
1.01629
1.01669
1.01708
1.01745
1.0178
1.01813
1.01845
1.01875
1.01904
1.01931
1.01957
1.01981
1.02003
1.02024
1.02043
1.02061
1.02077
1.02092
1.02105
1.02116
1.02126
1.02135
1.02141
1.02147
1.0215
1.02152
1.02153
1.02151
1.02149
1.02144
1.02139
1.02131
1.02122
1.02112
1.021
1.02087
1.02072
1.02056
1.02039
1.0202
1.02
1.01979
1.01956
1.01933
1.01909
1.01883
1.01857
1.01831
1.01803
1.01776
1.01747
1.01719
1.01691
1.01662
1.01634
1.01606
1.01578
1.01551
1.01524
1.01499
1.01474
1.01451
1.01428
1.01408
1.01389
1.01371
1.01356
1.01343
1.01331
1.01322
1.01316
1.01311
1.0131
1.01311
1.01314
1.0132
1.01329
1.01341
1.01356
1.01373
1.01393
1.01416
1.01442
1.0147
1.01501
1.01535
1.01571
1.01609
1.01649
1.01691
1.01735
1.0178
1.01827
1.01875
1.01925
1.01975
1.02025
1.02076
1.02127
1.02179
1.02229
1.02279
1.02329
1.02377
1.02424
1.02469
1.02512
1.02553
1.02592
1.02628
1.02661
1.02691
1.02717
1.02741
1.0276
1.02775
1.02786
1.02793
1.02796
1.02793
1.02786
1.02775
1.02758
1.02736
1.02709
1.02677
1.0264
1.02598
1.0255
1.02497
1.02439
1.02376
1.02309
1.02236
1.02158
1.02076
1.01989
1.01899
1.01804
1.01705
1.01602
1.01496
1.01387
1.01275
1.0116
1.01043
1.00924
1.00803
1.00681
1.00558
1.00434
1.0031
1.00186
1.00062
0.999397
0.998181
0.996982
0.995802
0.994645
0.993515
0.992416
0.99135
0.990321
0.989333
0.988388
0.98749
0.986642
0.985845
0.985102
0.984415
0.983787
0.98322
0.982715
0.982273
0.981895
0.981582
0.981335
0.981153
0.981037
0.980987
0.981003
0.981084
0.981228
0.981436
0.981705
0.982035
0.982423
0.982869
0.983369
0.983922
0.984526
0.985179
0.985879
0.986622
0.987406
0.988229
0.989088
0.989981
0.990904
0.991856
0.992834
0.993834
0.994856
0.995895
0.99695
0.998017
0.999096
1.00018
1.00128
1.00237
1.00347
1.00457
1.00567
1.00676
1.00784
1.00892
1.00999
1.01105
1.01209
1.01312
1.01414
1.01514
1.01612
1.01708
1.01802
1.01895
1.01985
1.02072
1.02158
1.02241
1.02321
1.02399
1.02475
1.02548
1.02619
1.02687
1.02752
1.02815
1.02875
1.02933
1.02988
1.03041
1.03092
1.0314
1.03186
1.0323
1.03272
1.03312
1.0335
1.03386
1.0342
1.03453
1.03484
1.03514
1.03543
1.03571
1.03598
1.03623
1.03648
1.03672
1.03696
1.03719
1.03741
1.03763
1.03785
1.03806
1.03827
1.03847
1.03867
1.03887
1.03906
1.03925
1.03944
1.03962
1.03979
1.03995
1.0401
1.04025
1.04038
1.0405
1.0406
1.04069
1.04076
1.04081
1.04083
1.04084
1.04081
1.04076
1.04069
1.04058
1.04044
1.04026
1.04005
1.0398
1.03952
1.03919
1.03883
1.03842
1.03797
1.03748
1.03694
1.03636
1.03573
1.03506
1.03434
1.03358
1.03277
1.03192
1.03102
1.03007
1.02908
1.02805
1.02698
1.02586
1.0247
1.0235
1.02227
1.02099
1.01968
1.01833
1.01695
1.01553
1.01409
1.01261
1.0111
1.00957
1.00801
1.00642
1.00481
1.00318
1.00153
0.999857
0.998167
0.996461
0.994739
0.993003
0.991255
0.989494
0.987724
0.985944
0.984156
0.982361
0.980561
0.978755
0.976944
0.97513
0.973312
0.971493
0.969672
0.967849
0.966027
0.964205
0.962383
0.960563
0.958745
0.95693
0.955117
0.953308
0.951501
0.949699
0.947901
0.946107
0.944319
0.942535
0.940757
0.938985
0.937221
0.935463
0.933714
0.931973
0.930241
0.928519
0.926808
0.925109
0.923422
0.921749
0.920089
0.918446
0.916818
0.915208
0.913617
0.912046
0.910497
0.90897
0.907467
0.90599
0.904539
0.903118
0.901726
0.900366
0.899038
0.897747
0.896491
0.895273
0.894094
0.892956
0.891861
0.890809
0.889802
0.888842
0.88793
0.887068
0.886257
0.885498
0.884792
0.884141
0.883546
0.883008
0.88253
0.882111
0.881754
0.881458
0.881226
0.881059
0.880956
0.880921
0.880953
0.881053
0.881222
0.881461
0.881771
0.882153
0.882606
0.883132
0.883732
0.884406
0.885154
0.885977
0.886874
0.887847
0.888894
0.890018
0.891216
0.892488
0.893834
0.895254
0.896746
0.898311
0.899947
0.901654
0.903429
0.905272
0.907181
0.909155
0.91119
0.913287
0.915442
0.917654
0.91992
0.922238
0.924605
0.927018
0.929474
0.931971
0.934506
0.937076
0.939676
0.942304
0.944957
0.94763
0.95032
0.953025
0.95574
0.958463
0.961189
0.963915
0.966638
0.969352
0.972056
0.974746
0.977418
0.98007
0.982697
0.985296
0.987864
0.990398
0.992896
0.995353
0.997768
1.00014
1.00246
1.00473
1.00695
1.00911
1.01122
1.01327
1.01525
1.01718
1.01904
1.02083
1.02256
1.02422
1.02581
1.02732
1.02877
1.03014
1.03144
1.03267
1.03382
1.0349
1.0359
1.03683
1.03768
1.03845
1.03915
1.03977
1.04032
1.04079
1.04119
1.04151
1.04176
1.04194
1.04204
1.04207
1.04203
1.04191
1.04173
1.04148
1.04117
1.04078
1.04033
1.03982
1.03925
1.03862
1.03793
1.03718
1.03638
1.03552
1.03461
1.03365
1.03265
1.0316
1.0305
1.02937
1.02819
1.02698
1.02573
1.02446
1.02315
1.02181
1.02045
1.01907
1.01767
1.01625
1.01481
1.01336
1.0119
1.01043
1.00895
1.00747
1.00598
1.00449
1.003
1.00152
1.00003
0.998546
0.997068
0.995596
0.99413
0.992672
0.991221
0.989778
0.988345
0.986919
0.985503
0.984095
0.982696
0.981305
0.979923
0.978548
0.977182
0.975821
0.974467
0.973118
0.971773
0.970433
0.969096
0.967762
0.966429
0.965098
0.963767
0.962435
0.961103
0.959768
0.95843
0.957088
0.955741
0.954389
0.953032
0.951667
0.950297
0.948919
0.947534
0.946142
0.944742
0.943334
0.941919
0.940496
0.939066
0.937629
0.936186
0.934737
0.933283
0.931826
0.930365
0.928902
0.927438
0.925975
0.924514
0.923057
0.921605
0.920161
0.918726
0.917303
0.915893
0.9145
0.913125
0.911772
0.910442
0.90914
0.907869
0.906631
0.905429
0.904267
0.903147
0.902073
0.901049
0.900076
0.89916
0.898302
0.897507
0.896776
0.896114
0.895523
0.895005
0.894564
0.894201
0.893919
0.89372
0.893606
0.893579
0.893641
0.893793
0.894035
0.894369
0.894796
0.895315
0.895927
0.896633
0.897431
0.898321
0.899303
0.900375
0.901538
0.90279
0.904128
0.905553
0.907061
0.908652
0.910323
0.912073
0.913898
0.915798
0.917768
0.919808
0.921913
0.924082
0.926311
0.928598
0.930939
0.933333
0.935776
0.938265
0.940797
0.943368
0.945977
0.948618
0.951289
0.953987
0.956707
0.959447
0.962204
0.964972
0.96775
0.970532
0.973317
0.976099
0.978875
0.981641
0.984393
0.987128
0.989842
0.992531
0.995192
0.997821
1.00041
1.00297
1.00548
1.00795
1.01037
1.01273
1.01504
1.01729
1.01948
1.0216
1.02366
1.02565
1.02756
1.0294
1.03117
1.03285
1.03446
1.03598
1.03741
1.03876
1.04003
1.04121
1.04229
1.04329
1.0442
1.04501
1.04574
1.04637
1.0469
1.04735
1.0477
1.04796
1.04813
1.04821
1.04819
1.04809
1.04789
1.04761
1.04723
1.04677
1.04622
1.04559
1.04487
1.04407
1.04319
1.04223
1.04119
1.04007
1.03888
1.03761
1.03627
1.03486
1.03338
1.03183
1.03022
1.02855
1.02682
1.02502
1.02317
1.02127
1.01931
1.0173
1.01524
1.01313
1.01098
1.00879
1.00656
1.00429
1.00199
0.999655
0.997289
0.994897
0.992478
0.990037
0.987576
0.985097
0.982604
0.980099
0.977586
0.975066
0.972544
0.970021
0.967502
0.964989
0.962485
0.959995
0.95752
0.955066
0.952635
0.95023
0.947855
0.945513
0.943209
0.940945
0.938726
0.936555
0.934436
1.0989
1.09676
1.09466
1.09261
1.09061
1.08865
1.08675
1.08491
1.08312
1.0814
1.07975
1.07816
1.07664
1.0752
1.07383
1.07253
1.07131
1.07017
1.06912
1.06814
1.06724
1.06642
1.06569
1.06503
1.06446
1.06396
1.06354
1.0632
1.06294
1.06275
1.06263
1.06258
1.0626
1.06269
1.06284
1.06304
1.06331
1.06363
1.064
1.06443
1.06489
1.06541
1.06596
1.06655
1.06718
1.06784
1.06853
1.06924
1.06999
1.07075
1.07154
1.07235
1.07318
1.07403
1.07489
1.07576
1.07665
1.07755
1.07846
1.07939
1.08032
1.08126
1.08222
1.08318
1.08415
1.08514
1.08613
1.08713
1.08815
1.08917
1.0902
1.09125
1.0923
1.09337
1.09444
1.09552
1.09661
1.0977
1.09881
1.09991
1.10103
1.10214
1.10325
1.10436
1.10547
1.10657
1.10766
1.10875
1.10981
1.11086
1.11189
1.1129
1.11388
1.11483
1.11575
1.11663
1.11748
1.11828
1.11904
1.11976
1.12042
1.12104
1.1216
1.12211
1.12256
1.12295
1.12328
1.12356
1.12377
1.12392
1.12402
1.12405
1.12402
1.12394
1.1238
1.1236
1.12335
1.12304
1.12269
1.12229
1.12184
1.12135
1.12083
1.12027
1.11967
1.11905
1.1184
1.11773
1.11704
1.11634
1.11563
1.11491
1.1142
1.11348
1.11277
1.11206
1.11137
1.11069
1.11004
1.1094
1.10879
1.10821
1.10766
1.10715
1.10667
1.10623
1.10583
1.10547
1.10516
1.1049
1.10468
1.10452
1.10441
1.10435
1.10434
1.10439
1.10449
1.10465
1.10487
1.10514
1.10546
1.10585
1.10629
1.10678
1.10734
1.10794
1.10861
1.10932
1.1101
1.11092
1.1118
1.11272
1.1137
1.11472
1.1158
1.11692
1.11808
1.11929
1.12054
1.12183
1.12316
1.12453
1.12593
1.12737
1.12883
1.13033
1.13185
1.1334
1.13497
1.13656
1.13817
1.1398
1.14144
1.1431
1.14476
1.14644
1.14811
1.1498
1.15148
1.15316
1.15484
1.15652
1.15819
1.15985
1.1615
1.16313
1.16476
1.16636
1.16795
1.16952
1.17107
1.1726
1.1741
1.17558
1.17703
1.17845
1.17984
1.1812
1.18253
1.18382
1.18509
1.18631
1.1875
1.18866
1.18978
1.19086
1.19191
1.19292
1.19389
1.19483
1.19573
1.19659
1.19742
1.19821
1.19897
1.19969
1.20038
1.20103
1.20166
1.20225
1.20281
1.20335
1.20386
1.20434
1.20481
1.20525
1.20566
1.20607
1.20645
1.20682
1.20718
1.20753
1.20787
1.2082
1.20853
1.20886
1.20919
1.20952
1.20985
1.21018
1.21053
1.21088
1.21123
1.2116
1.21198
1.21237
1.21278
1.2132
1.21363
1.21407
1.21453
1.215
1.21549
1.21599
1.2165
1.21702
1.21755
1.21809
1.21863
1.21918
1.21974
1.22029
1.22085
1.22141
1.22196
1.2225
1.22304
1.22357
1.22409
1.22459
1.22508
1.22556
1.22601
1.22645
1.22686
1.22724
1.22761
1.22794
1.22824
1.22852
1.22876
1.22897
1.22915
1.2293
1.22941
1.22948
1.22952
1.22953
1.2295
1.22943
1.22933
1.22919
1.22902
1.22881
1.22857
1.22829
1.22797
1.22763
1.22725
1.22684
1.22639
1.22592
1.22542
1.22489
1.22433
1.22375
1.22314
1.2225
1.22184
1.22116
1.22046
1.21973
1.21899
1.21823
1.21745
1.21665
1.21584
1.21501
1.21417
1.21331
1.21244
1.21156
1.21066
1.20976
1.20885
1.20793
1.207
1.20606
1.20511
1.20416
1.2032
1.20224
1.20127
1.20029
1.19931
1.19833
1.19734
1.19635
1.19536
1.19437
1.19338
1.19238
1.19139
1.1904
1.18941
1.18842
1.18743
1.18645
1.18547
1.1845
1.18354
1.18259
1.18164
1.18071
1.17978
1.17887
1.17798
1.17709
1.17623
1.17538
1.17455
1.17374
1.17295
1.17219
1.17144
1.17072
1.17002
1.16935
1.1687
1.16809
1.1675
1.16693
1.1664
1.16589
1.16541
1.16496
1.16454
1.16415
1.16379
1.16345
1.16314
1.16286
1.1626
1.16237
1.16216
1.16197
1.16181
1.16166
1.16153
1.16142
1.16133
1.16125
1.16118
1.16112
1.16108
1.16104
1.161
1.16097
1.16094
1.16092
1.16089
1.16085
1.16082
1.16077
1.16072
1.16066
1.16059
1.1605
1.1604
1.16028
1.16015
1.16
1.15982
1.15963
1.15941
1.15917
1.1589
1.15861
1.15829
1.15795
1.15757
1.15717
1.15673
1.15626
1.15577
1.15524
1.15468
1.15409
1.15346
1.15281
1.15212
1.15139
1.15064
1.14985
1.14903
1.14818
1.14729
1.14638
1.14543
1.14446
1.14345
1.14242
1.14136
1.14027
1.13916
1.13803
1.13687
1.13569
1.13449
1.13327
1.13203
1.13078
1.12952
1.12824
1.12695
1.12565
1.12435
1.12304
1.12173
1.12042
1.11911
1.1178
1.1165
1.11521
1.11392
1.11265
1.11139
1.11014
1.10891
1.1077
1.10652
1.10535
1.10421
1.1031
1.10201
1.10095
1.09993
1.09893
1.09797
1.09705
1.09616
1.09531
1.09449
1.09372
1.09299
1.09229
1.09164
1.09103
1.09046
1.08994
1.08946
1.08902
1.08862
1.08827
1.08796
1.08769
1.08747
1.08729
1.08715
1.08705
1.08699
1.08698
1.087
1.08706
1.08716
1.0873
1.08748
1.08769
1.08794
1.08822
1.08853
1.08888
1.08927
1.08968
1.09012
1.09059
1.09109
1.09162
1.09218
1.09276
1.09336
1.09399
1.09464
1.09532
1.09601
1.09672
1.09745
1.09819
1.09895
1.09973
1.10052
1.10132
1.10213
1.10295
1.10377
1.1046
1.10544
1.10628
1.10712
1.10797
1.10881
1.10964
1.11048
1.11131
1.11213
1.11294
1.11374
1.11453
1.1153
1.11607
1.11681
1.11754
1.11825
1.11894
1.11961
1.12026
1.12089
1.1215
1.12208
1.12264
1.12317
1.12369
1.12417
1.12464
1.12508
1.1255
1.12589
1.12626
1.12661
1.12694
1.12725
1.12755
1.12782
1.12808
1.12832
1.12855
1.12876
1.12897
1.12917
1.12936
1.12954
1.12972
1.1299
1.13007
1.13025
1.13043
1.13062
1.13081
1.13101
1.13122
1.13144
1.13168
1.13193
1.1322
1.13248
1.13278
1.1331
1.13345
1.13381
1.1342
1.13461
1.13505
1.13551
1.136
1.13651
1.13705
1.13761
1.13821
1.13882
1.13947
1.14014
1.14083
1.14155
1.14229
1.14306
1.14385
1.14466
1.14549
1.14634
1.1472
1.14808
1.14898
1.14989
1.15081
1.15174
1.15268
1.15362
1.15457
1.15553
1.15648
1.15744
1.15839
1.15934
1.16029
1.16123
1.16217
1.16309
1.16401
1.16492
1.16581
1.16669
1.16756
1.16841
1.16924
1.17006
1.17087
1.17165
1.17242
1.17317
1.17391
1.17462
1.17532
1.176
1.17667
1.17732
1.17795
1.17857
1.17917
1.17976
1.18034
1.1809
1.18146
1.18201
1.18254
1.18308
1.1836
1.18412
1.18464
1.18516
1.18568
1.18619
1.18671
1.18723
1.18776
1.18829
1.18883
1.18937
1.18992
1.19049
1.19106
1.19165
1.19225
1.19286
1.19349
1.19412
1.19478
1.19545
1.19613
1.19683
1.19754
1.19827
1.19902
1.19978
1.20056
1.20136
1.20216
1.20298
1.20382
1.20467
1.20553
1.2064
1.20728
1.20816
1.20906
1.20997
1.21088
1.21179
1.2127
1.21362
1.21454
1.21545
1.21637
1.21727
1.21817
1.21907
1.21995
1.22082
1.22168
1.22252
1.22335
1.22416
1.22495
1.22571
1.22645
1.22717
1.22786
1.22853
1.22916
1.22976
1.23033
1.23087
1.23137
1.23184
1.23226
1.23265
1.233
1.23331
1.23358
1.23381
1.23399
1.23413
1.23422
1.23427
1.23428
1.23424
1.23415
1.23402
1.23384
1.23361
1.23334
1.23302
1.23266
1.23224
1.23179
1.23128
1.23073
1.23013
1.22949
1.2288
1.22806
1.22728
1.22646
1.22559
1.22468
1.22373
1.22273
1.2217
1.22062
1.2195
1.21834
1.21715
1.21591
1.21464
1.21333
1.21199
1.21061
1.2092
1.20775
1.20628
1.20478
1.20325
1.20169
1.20011
1.1985
1.19688
1.19523
1.19357
1.19189
1.19019
1.18849
1.18678
1.18506
1.18333
1.1816
1.17987
1.17815
1.17643
1.17472
1.17302
1.17133
1.16966
1.16801
1.16639
1.16478
1.16321
1.16166
1.16015
1.15867
1.15723
1.15583
1.15447
1.15315
1.15188
1.15065
1.14947
1.14834
1.14726
1.14622
1.14524
1.14431
1.14343
1.1426
1.14182
1.14109
1.1404
1.13977
1.13917
1.13862
1.13811
1.13764
1.13721
1.1368
1.13643
1.13609
1.13577
1.13548
1.1352
1.13494
1.1347
1.13446
1.13423
1.13401
1.13379
1.13357
1.13334
1.13311
1.13286
1.13261
1.13234
1.13205
1.13175
1.13142
1.13107
1.1307
1.1303
1.12987
1.12942
1.12893
1.12842
1.12787
1.12729
1.12668
1.12603
1.12535
1.12464
1.1239
1.12312
1.1223
1.12146
1.12058
1.11967
1.11874
1.11777
1.11677
1.11574
1.11469
1.11362
1.11251
1.11139
1.11024
1.10908
1.10789
1.10669
1.10548
1.10425
1.10301
1.10176
1.1005
1.09924
1.09797
1.09671
1.09544
1.09417
1.09292
1.09166
1.09042
1.08919
1.08797
1.08677
1.08558
1.08442
1.08328
1.08216
1.08107
1.08
1.07897
1.07797
1.07701
1.07608
1.0752
1.07435
1.07355
1.07279
1.07208
1.07142
1.07081
1.07025
1.06974
1.06929
1.0689
1.06856
1.06829
1.06807
1.06792
1.06783
1.0678
1.06784
1.06795
1.06812
1.06836
1.06867
1.06904
1.06949
1.07
1.07058
1.07124
1.07196
1.07275
1.07362
1.07455
1.07554
1.07661
1.07774
1.07894
1.08021
1.08154
1.08293
1.08439
1.0859
1.08748
1.08911
1.0908
1.09255
1.09434
1.09619
1.09808
1.10002
1.102
1.10402
1.10608
1.10817
1.1103
1.11246
1.11464
1.11685
1.11907
1.12132
1.12358
1.12585
1.12814
1.13042
1.13271
1.13501
1.13729
1.13958
1.14185
1.14411
1.14636
1.14858
1.15079
1.15298
1.17305
1.18864
1.19899
1.20478
1.20778
1.20987
1.21203
1.21374
1.21344
1.20959
1.20153
1.18989
1.17643
1.16359
1.15384
1.14884
1.14871
1.15189
1.15568
1.15724
1.15453
1.14677
1.13445
1.11898
1.10213
1.08558
1.07075
1.05887
1.05103
1.04798
1.05006
1.05723
1.0691
1.08495
1.10366
1.12378
1.14344
1.16062
1.17352
1.1811
1.1835
1.18199
1.17864
1.17556
1.17421
1.17513
1.17815
1.1826
1.18744
1.19131
1.19273
1.1905
1.18399
1.17355
1.16038
1.14625
1.13283
1.1213
1.11213
1.10505
1.09914
1.09318
1.08659
1.08
1.07488
1.07241
1.07281
1.07576
1.08106
1.08898
1.09965
1.11234
1.1251
1.13496
1.13879
1.1343
1.12147
1.10434
1.09088
1.08784
1.09485
1.10615
1.11669
1.12449
1.12956
1.13278
1.13542
1.1386
1.1429
1.14787
1.15208
1.15363
1.15093
1.14329
1.13129
1.11685
1.1029
1.09251
1.08771
1.08873
1.09415
1.1018
1.10961
1.11591
1.11974
1.12099
1.12033
1.1188
1.11741
1.11689
1.11769
1.12002
1.12404
1.13002
1.13814
1.14814
1.1591
1.16959
1.17808
1.1833
1.18455
1.18182
1.17576
1.16735
1.15764
1.14732
1.13666
1.12563
1.11421
1.10256
1.09101
1.07988
1.06935
1.05935
1.04977
1.04053
1.03179
1.02395
1.01755
1.01307
1.01065
1.0101
1.01133
1.01476
1.02105
1.03038
1.04177
1.05317
1.0625
1.06848
1.07083
1.07008
1.06716
1.06316
1.05909
1.05583
1.05408
1.05445
1.05744
1.06335
1.07217
1.08356
1.09701
1.11197
1.12789
1.14419
1.16023
1.17541
1.1892
1.20107
1.21034
1.21608
1.21699
1.21159
1.19855
1.1774
1.14957
1.1191
1.09262
1.0777
1.0797
1.09841
1.12743
1.15779
1.18266
1.19945
1.20898
1.21373
1.21645
1.2195
1.2245
1.23188
1.24065
1.24883
1.25436
1.25607
1.25416
1.25025
1.24697
1.24698
1.25158
1.25976
1.26871
1.27522
1.27701
1.27318
1.26391
1.24998
1.23243
1.21254
1.19168
1.17135
1.15284
1.13707
1.12451
1.11516
1.10874
1.10477
1.10283
1.10296
1.10584
1.11237
1.12261
1.13525
1.14762
1.15661
1.15943
1.1544
1.14137
1.12192
1.09923
1.07758
1.06145
1.05423
1.05668
1.06641
1.07881
1.08894
1.09319
1.09014
1.08049
1.06655
1.05148
1.03854
1.0305
1.02928
1.03567
1.0489
1.06671
1.08627
1.10539
1.12306
1.13937
1.15482
1.16972
1.18365
1.19528
1.20263
1.20407
1.19937
1.19047
1.18083
1.17362
1.17003
1.16888
1.16762
1.16386
1.15634
1.1456
1.13384
1.12399
1.11826
1.11729
1.12031
1.12585
1.13239
1.13884
1.14497
1.15147
1.15962
1.17042
1.18364
1.19759
1.20962
1.21712
1.21826
1.21231
1.19966
1.18179
1.16132
1.14176
1.12686
1.11943
1.12051
1.12895
1.14208
1.15663
1.16963
1.17874
1.18251
1.18048
1.17325
1.16226
1.14927
1.13585
1.12314
1.11173
1.10188
1.0934
1.08587
1.07886
1.07237
1.06688
1.06307
1.06132
1.06145
1.06273
1.06422
1.0652
1.0655
1.06557
1.06631
1.06863
1.07307
1.07962
1.08762
1.09615
1.10425
1.11115
1.11637
1.11973
1.12135
1.12172
1.1215
1.12142
1.12212
1.12413
1.12784
1.13338
1.14039
1.14788
1.15426
1.15763
1.15633
1.1493
1.13641
1.11863
1.09804
1.07749
1.0601
1.04869
1.04506
1.04974
1.06232
1.0819
1.10706
1.13554
1.16441
1.19084
1.21279
1.2293
1.2403
1.24644
1.24881
1.24878
1.24784
1.24723
1.24782
1.24989
1.25321
1.25713
1.26088
1.26373
1.26517
1.26486
1.26241
1.25735
1.24925
1.23795
1.22376
1.20754
1.19063
1.17457
1.16083
1.15057
1.1447
1.14348
1.14551
1.14735
1.14514
1.13696
1.12382
1.10872
1.0947
1.08356
1.07575
1.07142
1.07112
1.0756
1.0851
1.09892
1.1157
1.13408
1.1531
1.17223
1.19092
1.20818
1.22247
1.23208
1.23564
1.23261
1.22372
1.211
1.19748
1.18623
1.17905
1.17599
1.17573
1.17663
1.17736
1.1773
1.17641
1.17479
1.17226
1.168
1.16065
1.14905
1.13312
1.11442
1.09605
1.08181
1.07505
1.07741
1.08824
1.10481
1.12318
1.13935
1.15029
1.15459
1.15265
1.14608
1.13696
1.12715
1.11824
1.11167
1.10873
1.11029
1.1163
1.12557
1.13583
1.14444
1.14914
1.14872
1.14332
1.13407
1.12253
1.11006
1.0976
1.08581
1.07554
1.06814
1.06514
1.06766
1.07579
1.08873
1.1053
1.12441
1.14498
1.16578
1.18539
1.20237
1.21569
1.2248
1.22956
1.23004
1.22657
1.21977
1.21064
1.2005
1.19063
1.18187
1.17435
1.16781
1.16209
1.15745
1.1545
1.15395
1.15626
1.16142
1.16882
1.17731
1.18563
1.19272
1.19789
1.20072
1.20087
1.19783
1.19093
1.17961
1.16388
1.1447
1.12387
1.10365
1.08617
1.07312
1.06562
1.06428
1.06902
1.07894
1.09241
1.10721
1.12114
1.13247
1.14036
1.14494
1.14711
1.14826
1.14963
1.15185
1.15461
1.15687
1.15744
1.15563
1.15151
1.14572
1.13904
1.13211
1.12545
1.11994
1.11702
1.11855
1.12537
1.13605
1.14719
1.15532
1.1585
1.15668
1.15143
1.14547
1.142
1.14351
1.15059
1.16168
1.17427
1.18627
1.19638
1.20392
1.20865
1.21077
1.21103
1.21045
1.20973
1.20879
1.20656
1.20132
1.19159
1.17677
1.15757
1.13597
1.11497
1.0979
1.08724
1.08374
1.08626
1.09242
1.09949
1.10519
1.10816
1.10811
1.10571
1.10222
1.09898
1.09693
1.09646
1.09754
1.09981
1.1026
1.10505
1.10647
1.10658
1.10556
1.10392
1.10236
1.10172
1.1029
1.10663
1.11283
1.1203
1.12695
1.13078
1.13109
1.12912
1.12722
1.12692
1.12806
1.13004
1.13323
1.13851
1.1458
1.15359
1.15944
1.16109
1.15711
1.14735
1.13273
1.11482
1.09572
1.078
1.0649
1.05966
1.0642
1.07769
1.09698
1.11825
1.13835
1.1551
1.16717
1.17394
1.17565
1.17346
1.16926
1.16509
1.16229
1.16109
1.16085
1.16067
1.15983
1.15795
1.15502
1.15162
1.14874
1.1473
1.14779
1.15005
1.15352
1.15738
1.1609
1.16362
1.16529
1.16576
1.1647
1.16167
1.15633
1.14879
1.13967
1.1299
1.12032
1.11141
1.10317
1.09519
1.08678
1.0774
1.06702
1.05643
1.04734
1.04195
1.04222
1.04875
1.06026
1.07406
1.08726
1.09782
1.10508
1.1095
1.11208
1.11373
1.11517
1.11714
1.12042
1.12543
1.13179
1.138
1.14171
1.14036
1.13208
1.11656
1.09559
1.07316
1.05432
1.04333
1.04193
1.04888
1.06104
1.075
1.08811
1.09889
1.10677
1.11177
1.11426
1.11484
1.11435
1.11379
1.11393
1.11501
1.11674
1.11853
1.11991
1.12065
1.12084
1.12071
1.12063
1.12111
1.12266
1.1255
1.12918
1.13267
1.13465
1.13395
1.13001
1.12319
1.11479
1.10677
1.10101
1.09861
1.09948
1.10273
1.10728
1.11236
1.11749
1.12229
1.12631
1.12925
1.13142
1.13392
1.13848
1.14701
1.16085
1.18004
1.2031
1.22755
1.25088
1.27139
1.28842
1.30215
1.31309
1.32171
1.32817
1.3322
1.33333
1.33093
1.32446
1.3135
1.29799
1.27829
1.25526
1.23021
1.20477
1.18073
1.15989
1.14379
1.13325
1.12801
1.12661
1.12698
1.1272
1.12627
1.12422
1.12199
1.12105
1.1229
1.12852
1.13824
1.15161
1.16759
1.18477
1.20172
1.21721
1.23016
1.23962
1.24487
1.24563
1.24212
1.23525
1.22655
1.21802
1.21171
1.20925
1.21138
1.21768
1.22676
1.23664
1.24526
1.25102
1.253
1.25095
1.24505
1.23578
1.22392
1.21076
1.19823
1.18837
1.18238
1.17979
1.17852
1.176
1.1701
1.15951
1.14384
1.12378
1.10126
1.07926
1.06126
1.05036
1.04816
1.05367
1.06394
1.0757
1.08655
1.09522
1.10115
1.10417
1.10447
1.10254
1.09906
1.09471
1.09006
1.0859
1.08366
1.08551
1.09367
1.10942
1.13238
1.16045
1.19054
1.21928
1.24376
1.26175
1.27187
1.27353
1.26693
1.25296
1.23324
1.21012
1.18674
1.16677
1.15405
1.15171
1.16101
1.18044
1.20583
1.23188
1.25392
1.26879
1.27489
1.27175
1.25985
1.24066
1.2166
1.1908
1.16647
1.1463
1.13215
1.12504
1.12496
1.13053
1.13919
1.14813
1.15527
1.15961
1.16093
1.1596
1.15642
1.15234
1.14818
1.1445
1.14197
1.1419
1.14614
1.15578
1.16969
1.18446
1.19648
1.20381
1.20641
1.20538
1.202
1.19711
1.19108
1.1841
1.17648
1.16862
1.16083
1.15322
1.14602
1.14018
1.13749
1.13974
1.14761
1.15995
1.17415
1.18742
1.19769
1.20424
1.20745
1.20848
1.20851
1.20815
1.20703
1.20407
1.19803
1.18829
1.17524
1.16032
1.14581
1.13401
1.12635
1.12284
1.12226
1.1227
1.12223
1.1194
1.11327
1.10337
1.08968
1.07318
1.05635
1.04258
1.0345
1.03308
1.03868
1.05232
1.07433
1.10173
1.12907
1.15179
1.168
1.17792
1.18245
1.1823
1.17795
1.17023
1.16084
1.15209
1.14594
1.1432
1.14333
1.14492
1.14631
1.1462
1.14402
1.13996
1.1348
1.12966
1.12558
1.12295
1.1215
1.1211
1.12276
1.12843
1.13927
1.15417
1.17015
1.18423
1.19465
1.20102
1.20391
1.20429
1.20291
1.20016
1.19619
1.19114
1.18531
1.17904
1.17264
1.16647
1.16105
1.15696
1.15457
1.1535
1.15243
1.14947
1.14286
1.1317
1.11639
1.09863
1.0808
1.06509
1.05273
1.04373
1.03733
1.03273
1.02961
1.02831
1.02991
1.03584
1.04728
1.0643
1.08562
1.10887
1.13131
1.15062
1.16531
1.17478
1.17907
1.17877
1.17481
1.16849
1.16121
1.15421
