33 0 0
33 0.0230664 0
33 0.0461329 0
33 0.0691993 0
33 0.0922657 0
33 0.115332 0
33 0.138399 0
33 0.161465 0
33 0.184531 0
33 0.207598 0
33 0.230664 0
33 0.253731 0
33 0.276797 0
33 0.299864 0
33 0.32293 0
33 0.345996 0
33 0.369063 0
33 0.392129 0
33 0.415196 0
33 0.438262 0
33 0.461329 0
33 0.484395 0
33 0.507461 0
33 0.530528 0
33 0.553594 0
33 0.576661 0
33 0.599727 0
33 0.622794 0
33 0.64586 0
33 0.668926 0
33 0.691993 0
33 0.715059 0
33 0.738126 0
33 0.761192 0
33 0.784259 0
33 0.807325 0
33 0.830391 0
33 0.853458 0
33 0.876524 0
33 0.899591 0.00190137
33 0.922657 0.0392806
33 0.945724 0.264199
33 0.96879 0.863209
33 0.991856 2.02994
33 1.01492 3.26041
33 1.03799 4.2777
33 1.06106 4.53028
33 1.08412 4.2346
33 1.10719 3.42974
33 1.13026 2.50209
33 1.15332 1.6972
33 1.17639 1.0253
33 1.19945 0.556579
33 1.22252 0.305827
33 1.24559 0.148403
33 1.26865 0.079567
33 1.29172 0.0531073
33 1.31479 0.0373082
33 1.33785 0.0538294
33 1.36092 0.0890344
33 1.38399 0.162636
33 1.40705 0.286412
33 1.43012 0.428995
33 1.45319 0.608474
33 1.47625 0.762234
33 1.49932 0.86332
33 1.52238 0.908437
33 1.54545 0.878755
33 1.56852 0.761102
33 1.59158 0.618147
33 1.61465 0.428741
33 1.63772 0.296625
33 1.66078 0.215356
33 1.68385 0.167752
33 1.70692 0.237724
33 1.72998 0.400285
33 1.75305 0.698819
33 1.77612 1.1019
33 1.79918 1.61263
33 1.82225 2.16361
33 1.84531 2.49671
33 1.86838 2.6325
33 1.89145 2.50628
33 1.91451 2.08029
33 1.93758 1.60691
33 1.96065 1.15165
33 1.98371 0.716505
33 2.00678 0.495559
33 2.02985 0.397237
33 2.05291 0.429933
33 2.07598 0.555155
33 2.09905 0.719026
33 2.12211 0.876424
33 2.14518 1.00113
33 2.16824 1.00194
33 2.19131 0.889174
33 2.21438 0.761347
33 2.23744 0.628474
33 2.26051 0.535622
33 2.28358 0.55039
