23 0 0
23 0.0230664 0
23 0.0461329 0
23 0.0691993 0
23 0.0922657 0
23 0.115332 0
23 0.138399 0
23 0.161465 0
23 0.184531 0
23 0.207598 0
23 0.230664 0
23 0.253731 0
23 0.276797 0
23 0.299864 0
23 0.32293 0
23 0.345996 0
23 0.369063 0
23 0.392129 0
23 0.415196 0
23 0.438262 0
23 0.461329 0
23 0.484395 0
23 0.507461 0
23 0.530528 0
23 0.553594 0
23 0.576661 0
23 0.599727 0
23 0.622794 0
23 0.64586 0
23 0.668926 0
23 0.691993 0
23 0.715059 0
23 0.738126 0
23 0.761192 0
23 0.784259 0
23 0.807325 0
23 0.830391 0
23 0.853458 0
23 0.876524 0
23 0.899591 0.0063379
23 0.922657 0.0416979
23 0.945724 0.285542
23 0.96879 1.00515
23 0.991856 2.13091
23 1.01492 3.36036
23 1.03799 4.16787
23 1.06106 4.38503
23 1.08412 3.99292
23 1.10719 3.34007
23 1.13026 2.50517
23 1.15332 1.6671
23 1.17639 1.05276
23 1.19945 0.634305
23 1.22252 0.365717
23 1.24559 0.183453
23 1.26865 0.102017
23 1.29172 0.0620383
23 1.31479 0.0528789
23 1.33785 0.0729157
23 1.36092 0.109381
23 1.38399 0.18066
23 1.40705 0.278833
23 1.43012 0.434374
23 1.45319 0.60135
23 1.47625 0.749399
23 1.49932 0.832773
23 1.52238 0.875054
23 1.54545 0.838416
23 1.56852 0.774719
23 1.59158 0.600745
23 1.61465 0.44307
23 1.63772 0.292482
23 1.66078 0.231877
23 1.68385 0.217158
23 1.70692 0.277174
23 1.72998 0.465348
23 1.75305 0.758692
23 1.77612 1.17332
23 1.79918 1.67496
23 1.82225 2.10018
23 1.84531 2.40369
23 1.86838 2.48596
23 1.89145 2.32405
23 1.91451 2.00219
23 1.93758 1.60676
23 1.96065 1.16583
23 1.98371 0.792531
23 2.00678 0.586522
23 2.02985 0.476138
23 2.05291 0.490952
23 2.07598 0.584689
23 2.09905 0.731138
23 2.12211 0.867378
23 2.14518 0.938417
23 2.16824 0.940168
23 2.19131 0.873328
23 2.21438 0.732657
23 2.23744 0.645344
23 2.26051 0.575664
23 2.28358 0.591819
