21 0 0
21 0.0230664 0
21 0.0461329 0
21 0.0691993 0
21 0.0922657 0
21 0.115332 0
21 0.138399 0
21 0.161465 0
21 0.184531 0
21 0.207598 0
21 0.230664 0
21 0.253731 0
21 0.276797 0
21 0.299864 0
21 0.32293 0
21 0.345996 0
21 0.369063 0
21 0.392129 0
21 0.415196 0
21 0.438262 0
21 0.461329 0
21 0.484395 0
21 0.507461 0
21 0.530528 0
21 0.553594 0
21 0.576661 0
21 0.599727 0
21 0.622794 0
21 0.64586 0
21 0.668926 0
21 0.691993 0
21 0.715059 0
21 0.738126 0
21 0.761192 0
21 0.784259 0
21 0.807325 0
21 0.830391 0
21 0.853458 0
21 0.876524 0
21 0.899591 0.00253516
21 0.922657 0.0371655
21 0.945724 0.244297
21 0.96879 0.961051
21 0.991856 2.00489
21 1.01492 3.34042
21 1.03799 4.31156
21 1.06106 4.46925
21 1.08412 4.18961
21 1.10719 3.35804
21 1.13026 2.38479
21 1.15332 1.67284
21 1.17639 1.02893
21 1.19945 0.619421
21 1.22252 0.343214
21 1.24559 0.173365
21 1.26865 0.0912875
21 1.29172 0.0457712
21 1.31479 0.0542664
21 1.33785 0.0641181
21 1.36092 0.11169
21 1.38399 0.182616
21 1.40705 0.278697
21 1.43012 0.421648
21 1.45319 0.600841
21 1.47625 0.766677
21 1.49932 0.84032
21 1.52238 0.909484
21 1.54545 0.867681
21 1.56852 0.745289
21 1.59158 0.583877
21 1.61465 0.433413
21 1.63772 0.297029
21 1.66078 0.237482
21 1.68385 0.19437
21 1.70692 0.265609
21 1.72998 0.434997
21 1.75305 0.728135
21 1.77612 1.12721
21 1.79918 1.63512
21 1.82225 2.13863
21 1.84531 2.45317
21 1.86838 2.55461
21 1.89145 2.38902
21 1.91451 2.06969
21 1.93758 1.6188
21 1.96065 1.14509
21 1.98371 0.779082
21 2.00678 0.521042
21 2.02985 0.427758
21 2.05291 0.459986
21 2.07598 0.574036
21 2.09905 0.735695
21 2.12211 0.888769
21 2.14518 0.975161
21 2.16824 0.963143
21 2.19131 0.866266
21 2.21438 0.765453
21 2.23744 0.626931
21 2.26051 0.568963
21 2.28358 0.540218
