27 0 0
27 0.0230664 0
27 0.0461329 0
27 0.0691993 0
27 0.0922657 0
27 0.115332 0
27 0.138399 0
27 0.161465 0
27 0.184531 0
27 0.207598 0
27 0.230664 0
27 0.253731 0
27 0.276797 0
27 0.299864 0
27 0.32293 0
27 0.345996 0
27 0.369063 0
27 0.392129 0
27 0.415196 0
27 0.438262 0
27 0.461329 0
27 0.484395 0
27 0.507461 0
27 0.530528 0
27 0.553594 0
27 0.576661 0
27 0.599727 0
27 0.622794 0
27 0.64586 0
27 0.668926 0
27 0.691993 0
27 0.715059 0
27 0.738126 0
27 0.761192 0
27 0.784259 0
27 0.807325 0
27 0.830391 0
27 0.853458 0
27 0.876524 0
27 0.899591 0.00380274
27 0.922657 0.0444173
27 0.945724 0.278908
27 0.96879 0.921087
27 0.991856 2.08715
27 1.01492 3.34193
27 1.03799 4.11103
27 1.06106 4.47552
27 1.08412 4.14951
27 1.10719 3.36703
27 1.13026 2.54036
27 1.15332 1.66393
27 1.17639 1.08518
27 1.19945 0.598841
27 1.22252 0.336126
27 1.24559 0.15661
27 1.26865 0.0825384
27 1.29172 0.0454522
27 1.31479 0.0419331
27 1.33785 0.066653
27 1.36092 0.125687
27 1.38399 0.198544
27 1.40705 0.300625
27 1.43012 0.436342
27 1.45319 0.594353
27 1.47625 0.733354
27 1.49932 0.820196
27 1.52238 0.891455
27 1.54545 0.817173
27 1.56852 0.749133
27 1.59158 0.601493
27 1.61465 0.446393
27 1.63772 0.313699
27 1.66078 0.225485
27 1.68385 0.208828
27 1.70692 0.270179
27 1.72998 0.441086
27 1.75305 0.747001
27 1.77612 1.15674
27 1.79918 1.63024
27 1.82225 2.08645
27 1.84531 2.43697
27 1.86838 2.54851
27 1.89145 2.39689
27 1.91451 2.08312
27 1.93758 1.62813
27 1.96065 1.13226
27 1.98371 0.773229
27 2.00678 0.533375
27 2.02985 0.425959
27 2.05291 0.445318
27 2.07598 0.561406
27 2.09905 0.747869
27 2.12211 0.878379
27 2.14518 0.96774
27 2.16824 0.991628
27 2.19131 0.87838
27 2.21438 0.761403
27 2.23744 0.632389
27 2.26051 0.568261
27 2.28358 0.581065
