57 0 0
57 0.0230664 0
57 0.0461329 0
57 0.0691993 0
57 0.0922657 0
57 0.115332 0
57 0.138399 0
57 0.161465 0
57 0.184531 0
57 0.207598 0
57 0.230664 0
57 0.253731 0
57 0.276797 0
57 0.299864 0
57 0.32293 0
57 0.345996 0
57 0.369063 0
57 0.392129 0
57 0.415196 0
57 0.438262 0
57 0.461329 0
57 0.484395 0
57 0.507461 0
57 0.530528 0
57 0.553594 0
57 0.576661 0
57 0.599727 0
57 0.622794 0
57 0.64586 0
57 0.668926 0
57 0.691993 0
57 0.715059 0
57 0.738126 0
57 0.761192 0
57 0.784259 0
57 0.807325 0
57 0.830391 0
57 0.853458 0
57 0.876524 0
57 0.899591 0.00380274
57 0.922657 0.0450216
57 0.945724 0.273717
57 0.96879 0.930734
57 0.991856 2.04444
57 1.01492 3.32275
57 1.03799 4.20174
57 1.06106 4.56206
57 1.08412 4.12011
57 1.10719 3.39443
57 1.13026 2.47451
57 1.15332 1.67284
57 1.17639 1.04742
57 1.19945 0.591675
57 1.22252 0.321597
57 1.24559 0.156439
57 1.26865 0.0992111
57 1.29172 0.04306
57 1.31479 0.0366915
57 1.33785 0.0559169
57 1.36092 0.0937964
57 1.38399 0.168225
57 1.40705 0.273148
57 1.43012 0.441327
57 1.45319 0.60364
57 1.47625 0.75594
57 1.49932 0.885001
57 1.52238 0.893897
57 1.54545 0.883726
57 1.56852 0.761761
57 1.59158 0.598183
57 1.61465 0.42656
57 1.63772 0.298039
57 1.66078 0.202474
57 1.68385 0.173975
57 1.70692 0.225507
57 1.72998 0.383928
57 1.75305 0.699173
57 1.77612 1.1576
57 1.79918 1.65138
57 1.82225 2.15153
57 1.84531 2.54202
57 1.86838 2.58342
57 1.89145 2.45781
57 1.91451 2.06752
57 1.93758 1.60012
57 1.96065 1.1386
57 1.98371 0.762636
57 2.00678 0.505644
57 2.02985 0.403568
57 2.05291 0.427847
57 2.07598 0.561406
57 2.09905 0.715655
57 2.12211 0.891153
57 2.14518 1.01047
57 2.16824 0.973693
57 2.19131 0.897672
57 2.21438 0.729619
57 2.23744 0.615464
57 2.26051 0.532001
57 2.28358 0.541437
