67 0 0
67 0.0230664 0
67 0.0461329 0
67 0.0691993 0
67 0.0922657 0
67 0.115332 0
67 0.138399 0
67 0.161465 0
67 0.184531 0
67 0.207598 0
67 0.230664 0
67 0.253731 0
67 0.276797 0
67 0.299864 0
67 0.32293 0
67 0.345996 0
67 0.369063 0
67 0.392129 0
67 0.415196 0
67 0.438262 0
67 0.461329 0
67 0.484395 0
67 0.507461 0
67 0.530528 0
67 0.553594 0
67 0.576661 0
67 0.599727 0
67 0.622794 0
67 0.64586 0
67 0.668926 0
67 0.691993 0
67 0.715059 0
67 0.738126 0
67 0.761192 0
67 0.784259 0
67 0.807325 0
67 0.830391 0
67 0.853458 0
67 0.876524 0
67 0.899591 0.00253516
67 0.922657 0.0401871
67 0.945724 0.308039
67 0.96879 0.923568
67 0.991856 2.00516
67 1.01492 3.34067
67 1.03799 4.24165
67 1.06106 4.53538
67 1.08412 4.1533
67 1.10719 3.28036
67 1.13026 2.51155
67 1.15332 1.64155
67 1.17639 1.03827
67 1.19945 0.598106
67 1.22252 0.343745
67 1.24559 0.176101
67 1.26865 0.0959096
67 1.29172 0.0515125
67 1.31479 0.0437831
67 1.33785 0.066653
67 1.36092 0.0984141
67 1.38399 0.194213
67 1.40705 0.278156
67 1.43012 0.443295
67 1.45319 0.604149
67 1.47625 0.741006
67 1.49932 0.833732
67 1.52238 0.896224
67 1.54545 0.84045
67 1.56852 0.764726
67 1.59158 0.615799
67 1.61465 0.446704
67 1.63772 0.314507
67 1.66078 0.215553
67 1.68385 0.191401
67 1.70692 0.246771
67 1.72998 0.444266
67 1.75305 0.726364
67 1.77612 1.1608
67 1.79918 1.62333
67 1.82225 2.10938
67 1.84531 2.45261
67 1.86838 2.55211
67 1.89145 2.41745
67 1.91451 2.03825
67 1.93758 1.61763
67 1.96065 1.17289
67 1.98371 0.773647
67 2.00678 0.533852
67 2.02985 0.426625
67 2.05291 0.454445
67 2.07598 0.576332
67 2.09905 0.732012
67 2.12211 0.876485
67 2.14518 0.94865
67 2.16824 0.982661
67 2.19131 0.865979
67 2.21438 0.750996
67 2.23744 0.629357
67 2.26051 0.576474
67 2.28358 0.565277
