53 0 0
53 0.0230664 0
53 0.0461329 0
53 0.0691993 0
53 0.0922657 0
53 0.115332 0
53 0.138399 0
53 0.161465 0
53 0.184531 0
53 0.207598 0
53 0.230664 0
53 0.253731 0
53 0.276797 0
53 0.299864 0
53 0.32293 0
53 0.345996 0
53 0.369063 0
53 0.392129 0
53 0.415196 0
53 0.438262 0
53 0.461329 0
53 0.484395 0
53 0.507461 0
53 0.530528 0
53 0.553594 0
53 0.576661 0
53 0.599727 0
53 0.622794 0
53 0.64586 0
53 0.668926 0
53 0.691993 0
53 0.715059 0
53 0.738126 0
53 0.761192 0
53 0.784259 0
53 0.807325 0
53 0.830391 0
53 0.853458 0
53 0.876524 0
53 0.899591 0.00443653
53 0.922657 0.036259
53 0.945724 0.273717
53 0.96879 0.92467
53 0.991856 2.06579
53 1.01492 3.27833
53 1.03799 4.29656
53 1.06106 4.50568
53 1.08412 4.10652
53 1.10719 3.38415
53 1.13026 2.46278
53 1.15332 1.64928
53 1.17639 1.03617
53 1.19945 0.613725
53 1.22252 0.332405
53 1.24559 0.172511
53 1.26865 0.0947541
53 1.29172 0.042741
53 1.31479 0.0448623
53 1.33785 0.0594956
53 1.36092 0.110824
53 1.38399 0.177167
53 1.40705 0.270711
53 1.43012 0.423616
53 1.45319 0.581631
53 1.47625 0.746437
53 1.49932 0.895064
53 1.52238 0.900062
53 1.54545 0.86237
53 1.56852 0.781308
53 1.59158 0.595941
53 1.61465 0.442862
53 1.63772 0.299858
53 1.66078 0.213685
53 1.68385 0.182497
53 1.70692 0.253672
53 1.72998 0.424547
53 1.75305 0.731678
53 1.77612 1.15294
53 1.79918 1.65803
53 1.82225 2.09697
53 1.84531 2.44579
53 1.86838 2.55594
53 1.89145 2.41524
53 1.91451 2.09096
53 1.93758 1.61909
53 1.96065 1.13774
53 1.98371 0.775319
53 2.00678 0.517295
53 2.02985 0.428091
53 2.05291 0.452294
53 2.07598 0.551391
53 2.09905 0.719713
53 2.12211 0.900748
53 2.14518 0.966304
53 2.16824 0.987408
53 2.19131 0.872696
53 2.21438 0.743739
53 2.23744 0.617559
53 2.26051 0.530056
53 2.28358 0.551609
