60 0 0
60 0.0230664 0
60 0.0461329 0
60 0.0691993 0
60 0.0922657 0
60 0.115332 0
60 0.138399 0
60 0.161465 0
60 0.184531 0
60 0.207598 0
60 0.230664 0
60 0.253731 0
60 0.276797 0
60 0.299864 0
60 0.32293 0
60 0.345996 0
60 0.369063 0
60 0.392129 0
60 0.415196 0
60 0.438262 0
60 0.461329 0
60 0.484395 0
60 0.507461 0
60 0.530528 0
60 0.553594 0
60 0.576661 0
60 0.599727 0
60 0.622794 0
60 0.64586 0
60 0.668926 0
60 0.691993 0
60 0.715059 0
60 0.738126 0
60 0.761192 0
60 0.784259 0
60 0.807325 0
60 0.830391 0
60 0.853458 0
60 0.876524 0.000332737
60 0.899591 0.00316895
60 0.922657 0.0522734
60 0.945724 0.269679
60 0.96879 0.961326
60 0.991856 2.06157
60 1.01492 3.29448
60 1.03799 4.20005
60 1.06106 4.48991
60 1.08412 4.13971
60 1.10719 3.35548
60 1.13026 2.52081
60 1.15332 1.66908
60 1.17639 1.02397
60 1.19945 0.606191
60 1.22252 0.329216
60 1.24559 0.167552
60 1.26865 0.0914525
60 1.29172 0.0629952
60 1.31479 0.0368457
60 1.33785 0.05875
60 1.36092 0.0953837
60 1.38399 0.173115
60 1.40705 0.264891
60 1.43012 0.406299
60 1.45319 0.60453
60 1.47625 0.758038
60 1.49932 0.876137
60 1.52238 0.897968
60 1.54545 0.890167
60 1.56852 0.771095
60 1.59158 0.617507
60 1.61465 0.45335
60 1.63772 0.300666
60 1.66078 0.208571
60 1.68385 0.169283
60 1.70692 0.243693
60 1.72998 0.413461
60 1.75305 0.687039
60 1.77612 1.13213
60 1.79918 1.63698
60 1.82225 2.15055
60 1.84531 2.49607
60 1.86838 2.61144
60 1.89145 2.45652
60 1.91451 2.02661
60 1.93758 1.58393
60 1.96065 1.13375
60 1.98371 0.78612
60 2.00678 0.512525
60 2.02985 0.409632
60 2.05291 0.44584
60 2.07598 0.571676
60 2.09905 0.720712
60 2.12211 0.877157
60 2.14518 0.982342
60 2.16824 0.991042
60 2.19131 0.875452
60 2.21438 0.751615
60 2.23744 0.627592
60 2.26051 0.541674
60 2.28358 0.531636
