40 0 0
40 0.0230664 0
40 0.0461329 0
40 0.0691993 0
40 0.0922657 0
40 0.115332 0
40 0.138399 0
40 0.161465 0
40 0.184531 0
40 0.207598 0
40 0.230664 0
40 0.253731 0
40 0.276797 0
40 0.299864 0
40 0.32293 0
40 0.345996 0
40 0.369063 0
40 0.392129 0
40 0.415196 0
40 0.438262 0
40 0.461329 0
40 0.484395 0
40 0.507461 0
40 0.530528 0
40 0.553594 0
40 0.576661 0
40 0.599727 0
40 0.622794 0
40 0.64586 0
40 0.668926 0
40 0.691993 0
40 0.715059 0
40 0.738126 0
40 0.761192 0
40 0.784259 0
40 0.807325 0
40 0.830391 0
40 0.853458 0
40 0.876524 0
40 0.899591 0.000950685
40 0.922657 0.036259
40 0.945724 0.245162
40 0.96879 0.881675
40 0.991856 2.08003
40 1.01492 3.32174
40 1.03799 4.30576
40 1.06106 4.46438
40 1.08412 4.1954
40 1.10719 3.36382
40 1.13026 2.47863
40 1.15332 1.62492
40 1.17639 1.08194
40 1.19945 0.625853
40 1.22252 0.312206
40 1.24559 0.158149
40 1.26865 0.0764305
40 1.29172 0.0446548
40 1.31479 0.031604
40 1.33785 0.0433915
40 1.36092 0.0919205
40 1.38399 0.166967
40 1.40705 0.280592
40 1.43012 0.423747
40 1.45319 0.590536
40 1.47625 0.770997
40 1.49932 0.904527
40 1.52238 0.945891
40 1.54545 0.853783
40 1.56852 0.74485
40 1.59158 0.595194
40 1.61465 0.436944
40 1.63772 0.303899
40 1.66078 0.210145
40 1.68385 0.180103
40 1.70692 0.242854
40 1.72998 0.390016
40 1.75305 0.679599
40 1.77612 1.1494
40 1.79918 1.67563
40 1.82225 2.15293
40 1.84531 2.46784
40 1.86838 2.6105
40 1.89145 2.43106
40 1.91451 2.04841
40 1.93758 1.60319
40 1.96065 1.14694
40 1.98371 0.76842
40 2.00678 0.510004
40 2.02985 0.416896
40 2.05291 0.435931
40 2.07598 0.575758
40 2.09905 0.729702
40 2.12211 0.893903
40 2.14518 0.969176
40 2.16824 0.974338
40 2.19131 0.86994
40 2.21438 0.746665
40 2.23744 0.613314
40 2.26051 0.544808
40 2.28358 0.547953
