35 0 0
35 0.0230664 0
35 0.0461329 0
35 0.0691993 0
35 0.0922657 0
35 0.115332 0
35 0.138399 0
35 0.161465 0
35 0.184531 0
35 0.207598 0
35 0.230664 0
35 0.253731 0
35 0.276797 0
35 0.299864 0
35 0.32293 0
35 0.345996 0
35 0.369063 0
35 0.392129 0
35 0.415196 0
35 0.438262 0
35 0.461329 0
35 0.484395 0
35 0.507461 0
35 0.530528 0
35 0.553594 0
35 0.576661 0
35 0.599727 0
35 0.622794 0
35 0.64586 0
35 0.668926 0
35 0.691993 0
35 0.715059 0
35 0.738126 0
35 0.761192 0
35 0.784259 0
35 0.807325 0
35 0.830391 0
35 0.853458 0
35 0.876524 0
35 0.899591 0.00602101
35 0.922657 0.0468346
35 0.945724 0.273717
35 0.96879 0.921087
35 0.991856 2.11377
35 1.01492 3.32376
35 1.03799 4.12699
35 1.06106 4.55255
35 1.08412 4.07957
35 1.10719 3.38223
35 1.13026 2.45064
35 1.15332 1.73799
35 1.17639 1.06477
35 1.19945 0.598106
35 1.22252 0.335772
35 1.24559 0.158662
35 1.26865 0.0770909
35 1.29172 0.038754
35 1.31479 0.0394665
35 1.33785 0.0456282
35 1.36092 0.0818193
35 1.38399 0.161658
35 1.40705 0.27599
35 1.43012 0.437785
35 1.45319 0.619669
35 1.47625 0.783956
35 1.49932 0.866434
35 1.52238 0.942402
35 1.54545 0.872427
35 1.56852 0.742105
35 1.59158 0.586546
35 1.61465 0.454181
35 1.63772 0.301878
35 1.66078 0.189789
35 1.68385 0.183454
35 1.70692 0.238937
35 1.72998 0.409917
35 1.75305 0.719455
35 1.77612 1.11978
35 1.79918 1.63698
35 1.82225 2.12442
35 1.84531 2.50882
35 1.86838 2.61817
35 1.89145 2.42196
35 1.91451 2.06939
35 1.93758 1.61281
35 1.96065 1.13696
35 1.98371 0.762288
35 2.00678 0.510004
35 2.02985 0.408699
35 2.05291 0.4373
35 2.07598 0.552156
35 2.09905 0.712408
35 2.12211 0.89812
35 2.14518 0.982522
35 2.16824 0.993504
35 2.19131 0.883548
35 2.21438 0.753865
35 2.23744 0.615078
35 2.26051 0.533136
35 2.28358 0.539636
