38 0 0
38 0.0230664 0
38 0.0461329 0
38 0.0691993 0
38 0.0922657 0
38 0.115332 0
38 0.138399 0
38 0.161465 0
38 0.184531 0
38 0.207598 0
38 0.230664 0
38 0.253731 0
38 0.276797 0
38 0.299864 0
38 0.32293 0
38 0.345996 0
38 0.369063 0
38 0.392129 0
38 0.415196 0
38 0.438262 0
38 0.461329 0
38 0.484395 0
38 0.507461 0
38 0.530528 0
38 0.553594 0
38 0.576661 0
38 0.599727 0
38 0.622794 0
38 0.64586 0
38 0.668926 0
38 0.691993 0
38 0.715059 0
38 0.738126 0
38 0.761192 0
38 0.784259 0
38 0.807325 0
38 0.830391 0
38 0.853458 0
38 0.876524 0
38 0.899591 0.00221827
38 0.922657 0.0435108
38 0.945724 0.268525
38 0.96879 0.894904
38 0.991856 1.91157
38 1.01492 3.24349
38 1.03799 4.25084
38 1.06106 4.59176
38 1.08412 4.31011
38 1.10719 3.44964
38 1.13026 2.53645
38 1.15332 1.68413
38 1.17639 0.995366
38 1.19945 0.587816
38 1.22252 0.285982
38 1.24559 0.148233
38 1.26865 0.0625641
38 1.29172 0.0379566
38 1.31479 0.0254374
38 1.33785 0.0463738
38 1.36092 0.0886015
38 1.38399 0.167386
38 1.40705 0.266515
38 1.43012 0.389506
38 1.45319 0.585702
38 1.47625 0.787658
38 1.49932 0.921298
38 1.52238 0.958104
38 1.54545 0.869489
38 1.56852 0.780209
38 1.59158 0.603308
38 1.61465 0.422718
38 1.63772 0.298948
38 1.66078 0.191461
38 1.68385 0.156357
38 1.70692 0.220844
38 1.72998 0.378567
38 1.75305 0.652585
38 1.77612 1.0981
38 1.79918 1.59352
38 1.82225 2.19697
38 1.84531 2.54178
38 1.86838 2.66874
38 1.89145 2.51965
38 1.91451 2.11792
38 1.93758 1.65366
38 1.96065 1.117
38 1.98371 0.717759
38 2.00678 0.453519
38 2.02985 0.363984
38 2.05291 0.383648
38 2.07598 0.538314
38 2.09905 0.732137
38 2.12211 0.898976
38 2.14518 1.02022
38 2.16824 1.03049
38 2.19131 0.914494
38 2.21438 0.742333
38 2.23744 0.620922
38 2.26051 0.514601
38 2.28358 0.513782
