18 0 0
18 0.0230664 0
18 0.0461329 0
18 0.0691993 0
18 0.0922657 0
18 0.115332 0
18 0.138399 0
18 0.161465 0
18 0.184531 0
18 0.207598 0
18 0.230664 0
18 0.253731 0
18 0.276797 0
18 0.299864 0
18 0.32293 0
18 0.345996 0
18 0.369063 0
18 0.392129 0
18 0.415196 0
18 0.438262 0
18 0.461329 0
18 0.484395 0
18 0.507461 0
18 0.530528 0
18 0.553594 0
18 0.576661 0
18 0.599727 0
18 0.622794 0
18 0.64586 0
18 0.668926 0
18 0.691993 0
18 0.715059 0
18 0.738126 0
18 0.761192 0
18 0.784259 0
18 0.807325 0
18 0.830391 0
18 0.853458 0
18 0.876524 0
18 0.899591 0.00507032
18 0.922657 0.0344461
18 0.945724 0.261314
18 0.96879 0.921914
18 0.991856 2.14673
18 1.01492 3.32477
18 1.03799 4.2777
18 1.06106 4.49988
18 1.08412 4.0103
18 1.10719 3.3711
18 1.13026 2.44488
18 1.15332 1.65601
18 1.17639 1.05105
18 1.19945 0.628609
18 1.22252 0.353668
18 1.24559 0.177298
18 1.26865 0.0828685
18 1.29172 0.0548616
18 1.31479 0.0420873
18 1.33785 0.0663547
18 1.36092 0.102599
18 1.38399 0.183035
18 1.40705 0.27775
18 1.43012 0.425715
18 1.45319 0.587356
18 1.47625 0.739895
18 1.49932 0.861523
18 1.52238 0.896107
18 1.54545 0.873331
18 1.56852 0.753964
18 1.59158 0.614517
18 1.61465 0.44577
18 1.63772 0.309658
18 1.66078 0.210341
18 1.68385 0.199157
18 1.70692 0.264211
18 1.72998 0.428182
18 1.75305 0.709713
18 1.77612 1.13273
18 1.79918 1.63504
18 1.82225 2.10576
18 1.84531 2.47153
18 1.86838 2.56393
18 1.89145 2.4118
18 1.91451 2.05065
18 1.93758 1.63783
18 1.96065 1.15186
18 1.98371 0.76633
18 2.00678 0.540598
18 2.02985 0.421361
18 2.05291 0.439907
18 2.07598 0.562809
18 2.09905 0.736382
18 2.12211 0.887486
18 2.14518 0.976657
18 2.16824 0.975393
18 2.19131 0.863969
18 2.21438 0.734345
18 2.23744 0.636027
18 2.26051 0.576961
18 2.28358 0.548218
