34 0 0
34 0.0230664 0
34 0.0461329 0
34 0.0691993 0
34 0.0922657 0
34 0.115332 0
34 0.138399 0
34 0.161465 0
34 0.184531 0
34 0.207598 0
34 0.230664 0
34 0.253731 0
34 0.276797 0
34 0.299864 0
34 0.32293 0
34 0.345996 0
34 0.369063 0
34 0.392129 0
34 0.415196 0
34 0.438262 0
34 0.461329 0
34 0.484395 0
34 0.507461 0
34 0.530528 0
34 0.553594 0
34 0.576661 0
34 0.599727 0
34 0.622794 0
34 0.64586 0
34 0.668926 0
34 0.691993 0
34 0.715059 0
34 0.738126 0
34 0.761192 0
34 0.784259 0
34 0.807325 0
34 0.830391 0
34 0.853458 0
34 0.876524 0
34 0.899591 0.00887306
34 0.922657 0.0374676
34 0.945724 0.311212
34 0.96879 0.965736
34 0.991856 2.09479
34 1.01492 3.35203
34 1.03799 4.18311
34 1.06106 4.42865
34 1.08412 4.07489
34 1.10719 3.3009
34 1.13026 2.48809
34 1.15332 1.70056
34 1.17639 1.03922
34 1.19945 0.657274
34 1.22252 0.32514
34 1.24559 0.202089
34 1.26865 0.0691672
34 1.29172 0.0570944
34 1.31479 0.0430123
34 1.33785 0.0584518
34 1.36092 0.0919205
34 1.38399 0.164173
34 1.40705 0.294263
34 1.43012 0.439359
34 1.45319 0.593208
34 1.47625 0.770997
34 1.49932 0.849664
34 1.52238 0.911577
34 1.54545 0.857625
34 1.56852 0.751878
34 1.59158 0.590816
34 1.61465 0.43684
34 1.63772 0.312486
34 1.66078 0.22342
34 1.68385 0.193795
34 1.70692 0.243786
34 1.72998 0.443448
34 1.75305 0.749835
34 1.77612 1.17859
34 1.79918 1.6523
34 1.82225 2.10174
34 1.84531 2.44515
34 1.86838 2.53504
34 1.89145 2.37557
34 1.91451 2.03639
34 1.93758 1.57795
34 1.96065 1.16341
34 1.98371 0.805632
34 2.00678 0.546662
34 2.02985 0.448283
34 2.05291 0.479283
34 2.07598 0.5741
34 2.09905 0.727329
34 2.12211 0.862489
34 2.14518 0.940332
34 2.16824 0.957282
34 2.19131 0.855013
34 2.21438 0.753809
34 2.23744 0.641264
34 2.26051 0.566099
34 2.28358 0.565966
