37 0 0
37 0.0230664 0
37 0.0461329 0
37 0.0691993 0
37 0.0922657 0
37 0.115332 0
37 0.138399 0
37 0.161465 0
37 0.184531 0
37 0.207598 0
37 0.230664 0
37 0.253731 0
37 0.276797 0
37 0.299864 0
37 0.32293 0
37 0.345996 0
37 0.369063 0
37 0.392129 0
37 0.415196 0
37 0.438262 0
37 0.461329 0
37 0.484395 0
37 0.507461 0
37 0.530528 0
37 0.553594 0
37 0.576661 0
37 0.599727 0
37 0.622794 0
37 0.64586 0
37 0.668926 0
37 0.691993 0
37 0.715059 0
37 0.738126 0
37 0.761192 0
37 0.784259 0
37 0.807325 0
37 0.830391 0
37 0.853458 0
37 0.876524 0
37 0.899591 0.00380274
37 0.922657 0.042
37 0.945724 0.258142
37 0.96879 0.904275
37 0.991856 2.0534
37 1.01492 3.3384
37 1.03799 4.22811
37 1.06106 4.54814
37 1.08412 4.11164
37 1.10719 3.41283
37 1.13026 2.4385
37 1.15332 1.64849
37 1.17639 1.04552
37 1.19945 0.592594
37 1.22252 0.34534
37 1.24559 0.173878
37 1.26865 0.0909573
37 1.29172 0.0617193
37 1.31479 0.0479456
37 1.33785 0.0621796
37 1.36092 0.103465
37 1.38399 0.178285
37 1.40705 0.286954
37 1.43012 0.433455
37 1.45319 0.610764
37 1.47625 0.749399
37 1.49932 0.844513
37 1.52238 0.890291
37 1.54545 0.862144
37 1.56852 0.740677
37 1.59158 0.577151
37 1.61465 0.4466
37 1.63772 0.312486
37 1.66078 0.220273
37 1.68385 0.2117
37 1.70692 0.26449
37 1.72998 0.435179
37 1.75305 0.736727
37 1.77612 1.18791
37 1.79918 1.60514
37 1.82225 2.12861
37 1.84531 2.42374
37 1.86838 2.51336
37 1.89145 2.42502
37 1.91451 2.05311
37 1.93758 1.58867
37 1.96065 1.16198
37 1.98371 0.768281
37 2.00678 0.537395
37 2.02985 0.43229
37 2.05291 0.463702
37 2.07598 0.590238
37 2.09905 0.748182
37 2.12211 0.892192
37 2.14518 0.968099
37 2.16824 0.959685
37 2.19131 0.86196
37 2.21438 0.753021
37 2.23744 0.639445
37 2.26051 0.570152
37 2.28358 0.563847
