64 0 0
64 0.0230664 0
64 0.0461329 0
64 0.0691993 0
64 0.0922657 0
64 0.115332 0
64 0.138399 0
64 0.161465 0
64 0.184531 0
64 0.207598 0
64 0.230664 0
64 0.253731 0
64 0.276797 0
64 0.299864 0
64 0.32293 0
64 0.345996 0
64 0.369063 0
64 0.392129 0
64 0.415196 0
64 0.438262 0
64 0.461329 0
64 0.484395 0
64 0.507461 0
64 0.530528 0
64 0.553594 0
64 0.576661 0
64 0.599727 0
64 0.622794 0
64 0.64586 0
64 0.668926 0
64 0.691993 0
64 0.715059 0
64 0.738126 0
64 0.761192 0
64 0.784259 0
64 0.807325 0
64 0.830391 0
64 0.853458 0
64 0.876524 0
64 0.899591 0.00316895
64 0.922657 0.0450216
64 0.945724 0.250354
64 0.96879 0.909787
64 0.991856 2.03996
64 1.01492 3.28716
64 1.03799 4.2835
64 1.06106 4.43143
64 1.08412 4.1827
64 1.10719 3.4276
64 1.13026 2.48604
64 1.15332 1.757
64 1.17639 1.06058
64 1.19945 0.562643
64 1.22252 0.299802
64 1.24559 0.168578
64 1.26865 0.0699926
64 1.29172 0.038754
64 1.31479 0.0248207
64 1.33785 0.0451809
64 1.36092 0.0897559
64 1.38399 0.161239
64 1.40705 0.273012
64 1.43012 0.421255
64 1.45319 0.583794
64 1.47625 0.759889
64 1.49932 0.884642
64 1.52238 0.960663
64 1.54545 0.903387
64 1.56852 0.775378
64 1.59158 0.611742
64 1.61465 0.42303
64 1.63772 0.280561
64 1.66078 0.205129
64 1.68385 0.165358
64 1.70692 0.221683
64 1.72998 0.406191
64 1.75305 0.687216
64 1.77612 1.12427
64 1.79918 1.65214
64 1.82225 2.12705
64 1.84531 2.52325
64 1.86838 2.58718
64 1.89145 2.47822
64 1.91451 2.08372
64 1.93758 1.61661
64 1.96065 1.16426
64 1.98371 0.751905
64 2.00678 0.491403
64 2.02985 0.384776
64 2.05291 0.431498
64 2.07598 0.542014
64 2.09905 0.717465
64 2.12211 0.878013
64 2.14518 0.999996
64 2.16824 0.990749
64 2.19131 0.897155
64 2.21438 0.768491
64 2.23744 0.614306
64 2.26051 0.516006
64 2.28358 0.526815
