62 0 0
62 0.0230664 0
62 0.0461329 0
62 0.0691993 0
62 0.0922657 0
62 0.115332 0
62 0.138399 0
62 0.161465 0
62 0.184531 0
62 0.207598 0
62 0.230664 0
62 0.253731 0
62 0.276797 0
62 0.299864 0
62 0.32293 0
62 0.345996 0
62 0.369063 0
62 0.392129 0
62 0.415196 0
62 0.438262 0
62 0.461329 0
62 0.484395 0
62 0.507461 0
62 0.530528 0
62 0.553594 0
62 0.576661 0
62 0.599727 0
62 0.622794 0
62 0.64586 0
62 0.668926 0
62 0.691993 0
62 0.715059 0
62 0.738126 0
62 0.761192 0
62 0.784259 0
62 0.807325 0
62 0.830391 0
62 0.853458 0
62 0.876524 0
62 0.899591 0.00348585
62 0.922657 0.0447194
62 0.945724 0.291022
62 0.96879 0.994399
62 0.991856 2.10929
62 1.01492 3.27631
62 1.03799 4.15917
62 1.06106 4.42007
62 1.08412 4.15441
62 1.10719 3.30411
62 1.13026 2.45784
62 1.15332 1.69344
62 1.17639 1.09338
62 1.19945 0.60858
62 1.22252 0.352427
62 1.24559 0.180375
62 1.26865 0.100862
62 1.29172 0.0515125
62 1.31479 0.0494873
62 1.33785 0.0663547
62 1.36092 0.115009
62 1.38399 0.199802
62 1.40705 0.287495
62 1.43012 0.438178
62 1.45319 0.57896
62 1.47625 0.735946
62 1.49932 0.853138
62 1.52238 0.870169
62 1.54545 0.857399
62 1.56852 0.725304
62 1.59158 0.580567
62 1.61465 0.442551
62 1.63772 0.336633
62 1.66078 0.232664
62 1.68385 0.223286
62 1.70692 0.273164
62 1.72998 0.443085
62 1.75305 0.745406
62 1.77612 1.1494
62 1.79918 1.59756
62 1.82225 2.07824
62 1.84531 2.44467
62 1.86838 2.56408
62 1.89145 2.40683
62 1.91451 2.04684
62 1.93758 1.58247
62 1.96065 1.15279
62 1.98371 0.810301
62 2.00678 0.551091
62 2.02985 0.437154
62 2.05291 0.450207
62 2.07598 0.576588
62 2.09905 0.721523
62 2.12211 0.87129
62 2.14518 0.944461
62 2.16824 0.988991
62 2.19131 0.868505
62 2.21438 0.767535
62 2.23744 0.664915
62 2.26051 0.579338
62 2.28358 0.568774
