55 0 0
55 0.0230664 0
55 0.0461329 0
55 0.0691993 0
55 0.0922657 0
55 0.115332 0
55 0.138399 0
55 0.161465 0
55 0.184531 0
55 0.207598 0
55 0.230664 0
55 0.253731 0
55 0.276797 0
55 0.299864 0
55 0.32293 0
55 0.345996 0
55 0.369063 0
55 0.392129 0
55 0.415196 0
55 0.438262 0
55 0.461329 0
55 0.484395 0
55 0.507461 0
55 0.530528 0
55 0.553594 0
55 0.576661 0
55 0.599727 0
55 0.622794 0
55 0.64586 0
55 0.668926 0
55 0.691993 0
55 0.715059 0
55 0.738126 0
55 0.761192 0
55 0.784259 0
55 0.807325 0
55 0.830391 0
55 0.853458 0
55 0.876524 0
55 0.899591 0.00285206
55 0.922657 0.0492518
55 0.945724 0.248335
55 0.96879 0.905929
55 0.991856 2.03758
55 1.01492 3.3283
55 1.03799 4.26802
55 1.06106 4.52819
55 1.08412 4.13303
55 1.10719 3.34884
55 1.13026 2.45023
55 1.15332 1.64076
55 1.17639 1.03751
55 1.19945 0.629344
55 1.22252 0.34977
55 1.24559 0.19525
55 1.26865 0.0883161
55 1.29172 0.0500772
55 1.31479 0.0474831
55 1.33785 0.070679
55 1.36092 0.126409
55 1.38399 0.183594
55 1.40705 0.286548
55 1.43012 0.439097
55 1.45319 0.613944
55 1.47625 0.732737
55 1.49932 0.850263
55 1.52238 0.863539
55 1.54545 0.835478
55 1.56852 0.733649
55 1.59158 0.591884
55 1.61465 0.43061
55 1.63772 0.309152
55 1.66078 0.226567
55 1.68385 0.216966
55 1.70692 0.273816
55 1.72998 0.43418
55 1.75305 0.728844
55 1.77612 1.12349
55 1.79918 1.66831
55 1.82225 2.14315
55 1.84531 2.44234
55 1.86838 2.48729
55 1.89145 2.39575
55 1.91451 2.06013
55 1.93758 1.61099
55 1.96065 1.16298
55 1.98371 0.786329
55 2.00678 0.536918
55 2.02985 0.448683
55 2.05291 0.466114
55 2.07598 0.580543
55 2.09905 0.732574
55 2.12211 0.878074
55 2.14518 0.958704
55 2.16824 0.958396
55 2.19131 0.872869
55 2.21438 0.75139
55 2.23744 0.637571
55 2.26051 0.596955
55 2.28358 0.602839
