51 0 0
51 0.0230664 0
51 0.0461329 0
51 0.0691993 0
51 0.0922657 0
51 0.115332 0
51 0.138399 0
51 0.161465 0
51 0.184531 0
51 0.207598 0
51 0.230664 0
51 0.253731 0
51 0.276797 0
51 0.299864 0
51 0.32293 0
51 0.345996 0
51 0.369063 0
51 0.392129 0
51 0.415196 0
51 0.438262 0
51 0.461329 0
51 0.484395 0
51 0.507461 0
51 0.530528 0
51 0.553594 0
51 0.576661 0
51 0.599727 0
51 0.622794 0
51 0.64586 0
51 0.668926 0
51 0.691993 0
51 0.715059 0
51 0.738126 0
51 0.761192 0
51 0.784259 0
51 0.807325 0
51 0.830391 0
51 0.853458 0
51 0.876524 0
51 0.899591 0.00126758
51 0.922657 0.0492518
51 0.945724 0.243432
51 0.96879 0.83868
51 0.991856 2.01017
51 1.01492 3.24198
51 1.03799 4.30793
51 1.06106 4.68365
51 1.08412 4.16822
51 1.10719 3.40641
51 1.13026 2.48336
51 1.15332 1.67304
51 1.17639 1.05238
51 1.19945 0.588735
51 1.22252 0.301043
51 1.24559 0.141223
51 1.26865 0.0701576
51 1.29172 0.0339696
51 1.31479 0.0303707
51 1.33785 0.043988
51 1.36092 0.0819636
51 1.38399 0.149362
51 1.40705 0.271523
51 1.43012 0.409972
51 1.45319 0.592063
51 1.47625 0.756804
51 1.49932 0.927287
51 1.52238 0.955894
51 1.54545 0.898868
51 1.56852 0.802062
51 1.59158 0.612916
51 1.61465 0.426249
51 1.63772 0.281268
51 1.66078 0.18674
51 1.68385 0.152049
51 1.70692 0.214595
51 1.72998 0.371024
51 1.75305 0.702538
51 1.77612 1.11183
51 1.79918 1.63032
51 1.82225 2.13066
51 1.84531 2.5502
51 1.86838 2.64252
51 1.89145 2.49687
51 1.91451 2.0891
51 1.93758 1.60311
51 1.96065 1.14544
51 1.98371 0.739361
51 2.00678 0.484521
51 2.02985 0.390773
51 2.05291 0.409985
51 2.07598 0.559173
51 2.09905 0.720524
51 2.12211 0.887364
51 2.14518 0.990301
51 2.16824 0.991804
51 2.19131 0.900829
51 2.21438 0.745539
51 2.23744 0.607139
51 2.26051 0.53373
51 2.28358 0.513306
