30 0 0
30 0.0230664 0
30 0.0461329 0
30 0.0691993 0
30 0.0922657 0
30 0.115332 0
30 0.138399 0
30 0.161465 0
30 0.184531 0
30 0.207598 0
30 0.230664 0
30 0.253731 0
30 0.276797 0
30 0.299864 0
30 0.32293 0
30 0.345996 0
30 0.369063 0
30 0.392129 0
30 0.415196 0
30 0.438262 0
30 0.461329 0
30 0.484395 0
30 0.507461 0
30 0.530528 0
30 0.553594 0
30 0.576661 0
30 0.599727 0
30 0.622794 0
30 0.64586 0
30 0.668926 0
30 0.691993 0
30 0.715059 0
30 0.738126 0
30 0.761192 0
30 0.784259 0
30 0.807325 0
30 0.830391 0
30 0.853458 0
30 0.876524 0
30 0.899591 0.00348585
30 0.922657 0.0356547
30 0.945724 0.255546
30 0.96879 0.894904
30 0.991856 2.05367
30 1.01492 3.26444
30 1.03799 4.25375
30 1.06106 4.51821
30 1.08412 4.18448
30 1.10719 3.44301
30 1.13026 2.48295
30 1.15332 1.68532
30 1.17639 1.07259
30 1.19945 0.567971
30 1.22252 0.314863
30 1.24559 0.161397
30 1.26865 0.0729639
30 1.29172 0.0385945
30 1.31479 0.0348415
30 1.33785 0.0457773
30 1.36092 0.0834066
30 1.38399 0.17577
30 1.40705 0.283435
30 1.43012 0.436342
30 1.45319 0.593081
30 1.47625 0.746313
30 1.49932 0.86871
30 1.52238 0.925536
30 1.54545 0.859433
30 1.56852 0.777903
30 1.59158 0.612809
30 1.61465 0.471937
30 1.63772 0.287431
30 1.66078 0.195886
30 1.68385 0.166315
30 1.70692 0.232595
30 1.72998 0.367935
30 1.75305 0.68075
30 1.77612 1.10691
30 1.79918 1.65753
30 1.82225 2.18761
30 1.84531 2.5097
30 1.86838 2.61911
30 1.89145 2.4342
30 1.91451 2.12568
30 1.93758 1.61398
30 1.96065 1.14095
30 1.98371 0.747306
30 2.00678 0.51784
30 2.02985 0.395838
30 2.05291 0.410311
30 2.07598 0.539016
30 2.09905 0.716279
30 2.12211 0.87948
30 2.14518 0.980068
30 2.16824 0.987525
30 2.19131 0.907547
30 2.21438 0.751727
30 2.23744 0.642588
30 2.26051 0.527408
30 2.28358 0.546205
