49 0 0
49 0.0230664 0
49 0.0461329 0
49 0.0691993 0
49 0.0922657 0
49 0.115332 0
49 0.138399 0
49 0.161465 0
49 0.184531 0
49 0.207598 0
49 0.230664 0
49 0.253731 0
49 0.276797 0
49 0.299864 0
49 0.32293 0
49 0.345996 0
49 0.369063 0
49 0.392129 0
49 0.415196 0
49 0.438262 0
49 0.461329 0
49 0.484395 0
49 0.507461 0
49 0.530528 0
49 0.553594 0
49 0.576661 0
49 0.599727 0
49 0.622794 0
49 0.64586 0
49 0.668926 0
49 0.691993 0
49 0.715059 0
49 0.738126 0
49 0.761192 0
49 0.784259 0
49 0.807325 0
49 0.830391 0
49 0.853458 0
49 0.876524 0
49 0.899591 0.00570411
49 0.922657 0.0432087
49 0.945724 0.266506
49 0.96879 0.921087
49 0.991856 2.05446
49 1.01492 3.27833
49 1.03799 4.21166
49 1.06106 4.48457
49 1.08412 4.17245
49 1.10719 3.37559
49 1.13026 2.51567
49 1.15332 1.68076
49 1.17639 1.06668
49 1.19945 0.588
49 1.22252 0.338961
49 1.24559 0.168749
49 1.26865 0.0813828
49 1.29172 0.0499177
49 1.31479 0.033454
49 1.33785 0.0559169
49 1.36092 0.0958166
49 1.38399 0.175909
49 1.40705 0.30279
49 1.43012 0.442245
49 1.45319 0.585193
49 1.47625 0.75088
49 1.49932 0.852299
49 1.52238 0.894246
49 1.54545 0.864517
49 1.56852 0.742215
49 1.59158 0.620389
49 1.61465 0.419499
49 1.63772 0.313194
49 1.66078 0.222043
49 1.68385 0.184508
49 1.70692 0.255257
49 1.72998 0.406646
49 1.75305 0.692264
49 1.77612 1.131
49 1.79918 1.65416
49 1.82225 2.15252
49 1.84531 2.46544
49 1.86838 2.57817
49 1.89145 2.41914
49 1.91451 2.07491
49 1.93758 1.62653
49 1.96065 1.16883
49 1.98371 0.782636
49 2.00678 0.522746
49 2.02985 0.415763
49 2.05291 0.429803
49 2.07598 0.539271
49 2.09905 0.740315
49 2.12211 0.867256
49 2.14518 0.961397
49 2.16824 0.985884
49 2.19131 0.876543
49 2.21438 0.759716
49 2.23744 0.627978
49 2.26051 0.564802
49 2.28358 0.567237
