20 0 0
20 0.0230664 0
20 0.0461329 0
20 0.0691993 0
20 0.0922657 0
20 0.115332 0
20 0.138399 0
20 0.161465 0
20 0.184531 0
20 0.207598 0
20 0.230664 0
20 0.253731 0
20 0.276797 0
20 0.299864 0
20 0.32293 0
20 0.345996 0
20 0.369063 0
20 0.392129 0
20 0.415196 0
20 0.438262 0
20 0.461329 0
20 0.484395 0
20 0.507461 0
20 0.530528 0
20 0.553594 0
20 0.576661 0
20 0.599727 0
20 0.622794 0
20 0.64586 0
20 0.668926 0
20 0.691993 0
20 0.715059 0
20 0.738126 0
20 0.761192 0
20 0.784259 0
20 0.807325 0
20 0.830391 0
20 0.853458 0
20 0.876524 0
20 0.899591 0.00190137
20 0.922657 0.0504605
20 0.945724 0.2841
20 0.96879 0.935695
20 0.991856 2.02388
20 1.01492 3.29801
20 1.03799 4.22762
20 1.06106 4.46322
20 1.08412 4.13837
20 1.10719 3.39571
20 1.13026 2.50888
20 1.15332 1.65799
20 1.17639 1.05448
20 1.19945 0.622729
20 1.22252 0.328153
20 1.24559 0.187043
20 1.26865 0.0840241
20 1.29172 0.0481634
20 1.31479 0.0419331
20 1.33785 0.0580045
20 1.36092 0.117462
20 1.38399 0.19044
20 1.40705 0.282487
20 1.43012 0.426896
20 1.45319 0.594735
20 1.47625 0.731873
20 1.49932 0.855054
20 1.52238 0.893548
20 1.54545 0.866664
20 1.56852 0.732661
20 1.59158 0.571813
20 1.61465 0.441616
20 1.63772 0.332187
20 1.66078 0.218306
20 1.68385 0.204136
20 1.70692 0.246864
20 1.72998 0.433271
20 1.75305 0.723618
20 1.77612 1.13377
20 1.79918 1.6363
20 1.82225 2.09336
20 1.84531 2.47209
20 1.86838 2.60385
20 1.89145 2.4251
20 1.91451 2.06916
20 1.93758 1.60691
20 1.96065 1.14359
20 1.98371 0.767096
20 2.00678 0.512321
20 2.02985 0.419828
20 2.05291 0.457313
20 2.07598 0.555729
20 2.09905 0.742313
20 2.12211 0.876974
20 2.14518 0.973126
20 2.16824 0.977679
20 2.19131 0.891184
20 2.21438 0.765341
20 2.23744 0.629908
20 2.26051 0.579933
20 2.28358 0.575979
