65 0 0
65 0.0230664 0
65 0.0461329 0
65 0.0691993 0
65 0.0922657 0
65 0.115332 0
65 0.138399 0
65 0.161465 0
65 0.184531 0
65 0.207598 0
65 0.230664 0
65 0.253731 0
65 0.276797 0
65 0.299864 0
65 0.32293 0
65 0.345996 0
65 0.369063 0
65 0.392129 0
65 0.415196 0
65 0.438262 0
65 0.461329 0
65 0.484395 0
65 0.507461 0
65 0.530528 0
65 0.553594 0
65 0.576661 0
65 0.599727 0
65 0.622794 0
65 0.64586 0
65 0.668926 0
65 0.691993 0
65 0.715059 0
65 0.738126 0
65 0.761192 0
65 0.784259 0
65 0.807325 0
65 0.830391 0
65 0.853458 0
65 0.876524 0
65 0.899591 0.00158448
65 0.922657 0.049554
65 0.945724 0.261891
65 0.96879 0.883604
65 0.991856 1.94953
65 1.01492 3.35733
65 1.03799 4.15312
65 1.06106 4.4725
65 1.08412 4.26623
65 1.10719 3.55515
65 1.13026 2.55538
65 1.15332 1.71106
65 1.17639 1.00109
65 1.19945 0.560621
65 1.22252 0.294841
65 1.24559 0.129084
65 1.26865 0.0680116
65 1.29172 0.0398704
65 1.31479 0.0308332
65 1.33785 0.0408566
65 1.36092 0.0819636
65 1.38399 0.146149
65 1.40705 0.263267
65 1.43012 0.418762
65 1.45319 0.593844
65 1.47625 0.772848
65 1.49932 0.902012
65 1.52238 0.944146
65 1.54545 0.918302
65 1.56852 0.782186
65 1.59158 0.618895
65 1.61465 0.413996
65 1.63772 0.289856
65 1.66078 0.189789
65 1.68385 0.150517
65 1.70692 0.197435
65 1.72998 0.356303
65 1.75305 0.649131
65 1.77612 1.08118
65 1.79918 1.61457
65 1.82225 2.16501
65 1.84531 2.56864
65 1.86838 2.73137
65 1.89145 2.54549
65 1.91451 2.143
65 1.93758 1.64316
65 1.96065 1.12527
65 1.98371 0.703125
65 2.00678 0.460469
65 2.02985 0.352389
65 2.05291 0.380062
65 2.07598 0.531489
65 2.09905 0.717777
65 2.12211 0.886508
65 2.14518 1.00676
65 2.16824 1.03318
65 2.19131 0.890954
65 2.21438 0.763878
65 2.23744 0.613479
65 2.26051 0.501092
65 2.28358 0.516325
