10 0 0
10 0.0230664 0
10 0.0461329 0
10 0.0691993 0
10 0.0922657 0
10 0.115332 0
10 0.138399 0
10 0.161465 0
10 0.184531 0
10 0.207598 0
10 0.230664 0
10 0.253731 0
10 0.276797 0
10 0.299864 0
10 0.32293 0
10 0.345996 0
10 0.369063 0
10 0.392129 0
10 0.415196 0
10 0.438262 0
10 0.461329 0
10 0.484395 0
10 0.507461 0
10 0.530528 0
10 0.553594 0
10 0.576661 0
10 0.599727 0
10 0.622794 0
10 0.64586 0
10 0.668926 0
10 0.691993 0
10 0.715059 0
10 0.738126 0
10 0.761192 0
10 0.784259 0
10 0.807325 0
10 0.830391 0
10 0.853458 0
10 0.876524 0
10 0.899591 0.00126758
10 0.922657 0.0353525
10 0.945724 0.251219
10 0.96879 0.867343
10 0.991856 1.95586
10 1.01492 3.349
10 1.03799 4.25592
10 1.06106 4.55557
10 1.08412 4.23037
10 1.10719 3.37516
10 1.13026 2.50991
10 1.15332 1.68848
10 1.17639 1.05677
10 1.19945 0.595901
10 1.22252 0.294132
10 1.24559 0.153362
10 1.26865 0.0716433
10 1.29172 0.0451333
10 1.31479 0.0428581
10 1.33785 0.0580045
10 1.36092 0.109381
10 1.38399 0.179961
10 1.40705 0.283299
10 1.43012 0.442245
10 1.45319 0.588119
10 1.47625 0.75668
10 1.49932 0.849065
10 1.52238 0.917859
10 1.54545 0.847455
10 1.56852 0.757808
10 1.59158 0.585158
10 1.61465 0.43819
10 1.63772 0.297029
10 1.66078 0.210538
10 1.68385 0.173975
10 1.70692 0.233807
10 1.72998 0.396196
10 1.75305 0.683053
10 1.77612 1.10484
10 1.79918 1.66216
10 1.82225 2.13419
10 1.84531 2.55389
10 1.86838 2.61731
10 1.89145 2.465
10 1.91451 2.11336
10 1.93758 1.60698
10 1.96065 1.11016
10 1.98371 0.749605
10 2.00678 0.493583
10 2.02985 0.400769
10 2.05291 0.423675
10 2.07598 0.550689
10 2.09905 0.739753
10 2.12211 0.881191
10 2.14518 0.984616
10 2.16824 1.02228
10 2.19131 0.910303
10 2.21438 0.74689
10 2.23744 0.64154
10 2.26051 0.542052
10 2.28358 0.556271
