32 0 0
32 0.0230664 0
32 0.0461329 0
32 0.0691993 0
32 0.0922657 0
32 0.115332 0
32 0.138399 0
32 0.161465 0
32 0.184531 0
32 0.207598 0
32 0.230664 0
32 0.253731 0
32 0.276797 0
32 0.299864 0
32 0.32293 0
32 0.345996 0
32 0.369063 0
32 0.392129 0
32 0.415196 0
32 0.438262 0
32 0.461329 0
32 0.484395 0
32 0.507461 0
32 0.530528 0
32 0.553594 0
32 0.576661 0
32 0.599727 0
32 0.622794 0
32 0.64586 0
32 0.668926 0
32 0.691993 0
32 0.715059 0
32 0.738126 0
32 0.761192 0
32 0.784259 0
32 0.807325 0
32 0.830391 0
32 0.853458 0
32 0.876524 0
32 0.899591 0
32 0.922657 0.0489497
32 0.945724 0.260161
32 0.96879 0.95609
32 0.991856 2.0389
32 1.01492 3.27101
32 1.03799 4.20875
32 1.06106 4.53051
32 1.08412 4.12367
32 1.10719 3.40834
32 1.13026 2.53789
32 1.15332 1.68433
32 1.17639 1.06363
32 1.19945 0.579731
32 1.22252 0.332937
32 1.24559 0.155242
32 1.26865 0.0690021
32 1.29172 0.0405083
32 1.31479 0.0255915
32 1.33785 0.0450318
32 1.36092 0.0829737
32 1.38399 0.152157
32 1.40705 0.277073
32 1.43012 0.437654
32 1.45319 0.615471
32 1.47625 0.77544
32 1.49932 0.865476
32 1.52238 0.915881
32 1.54545 0.891297
32 1.56852 0.760773
32 1.59158 0.632667
32 1.61465 0.446704
32 1.63772 0.278641
32 1.66078 0.203163
32 1.68385 0.158272
32 1.70692 0.226253
32 1.72998 0.392561
32 1.75305 0.706701
32 1.77612 1.11891
32 1.79918 1.64363
32 1.82225 2.13789
32 1.84531 2.51058
32 1.86838 2.6253
32 1.89145 2.44612
32 1.91451 2.06834
32 1.93758 1.63754
32 1.96065 1.14666
32 1.98371 0.763751
32 2.00678 0.495014
32 2.02985 0.393506
32 2.05291 0.411875
32 2.07598 0.537485
32 2.09905 0.711284
32 2.12211 0.900748
32 2.14518 1.00562
32 2.16824 1.00827
32 2.19131 0.892676
32 2.21438 0.750602
32 2.23744 0.607636
32 2.26051 0.526651
32 2.28358 0.534974
