44 0 0
44 0.0230664 0
44 0.0461329 0
44 0.0691993 0
44 0.0922657 0
44 0.115332 0
44 0.138399 0
44 0.161465 0
44 0.184531 0
44 0.207598 0
44 0.230664 0
44 0.253731 0
44 0.276797 0
44 0.299864 0
44 0.32293 0
44 0.345996 0
44 0.369063 0
44 0.392129 0
44 0.415196 0
44 0.438262 0
44 0.461329 0
44 0.484395 0
44 0.507461 0
44 0.530528 0
44 0.553594 0
44 0.576661 0
44 0.599727 0
44 0.622794 0
44 0.64586 0
44 0.668926 0
44 0.691993 0
44 0.715059 0
44 0.738126 0
44 0.761192 0
44 0.784259 0
44 0.807325 0
44 0.830391 0
44 0.853458 0
44 0.876524 0
44 0.899591 0.00507032
44 0.922657 0.0429065
44 0.945724 0.251796
44 0.96879 0.93597
44 0.991856 1.99646
44 1.01492 3.37904
44 1.03799 4.19956
44 1.06106 4.48132
44 1.08412 4.09271
44 1.10719 3.42524
44 1.13026 2.5772
44 1.15332 1.6768
44 1.17639 1.04208
44 1.19945 0.621075
44 1.22252 0.314155
44 1.24559 0.145497
44 1.26865 0.0721385
44 1.29172 0.0409867
44 1.31479 0.0342248
44 1.33785 0.048014
44 1.36092 0.098847
44 1.38399 0.172137
44 1.40705 0.27423
44 1.43012 0.417844
44 1.45319 0.592699
44 1.47625 0.760383
44 1.49932 0.874819
44 1.52238 0.898899
44 1.54545 0.887681
44 1.56852 0.766812
44 1.59158 0.637898
44 1.61465 0.440163
44 1.63772 0.307132
44 1.66078 0.189199
44 1.68385 0.16622
44 1.70692 0.232968
44 1.72998 0.404828
44 1.75305 0.69377
44 1.77612 1.12893
44 1.79918 1.61525
44 1.82225 2.13411
44 1.84531 2.4773
44 1.86838 2.60862
44 1.89145 2.4958
44 1.91451 2.12583
44 1.93758 1.62726
44 1.96065 1.14024
44 1.98371 0.747515
44 2.00678 0.497195
44 2.02985 0.389574
44 2.05291 0.415396
44 2.07598 0.546479
44 2.09905 0.720774
44 2.12211 0.892681
44 2.14518 0.995149
44 2.16824 0.990866
44 2.19131 0.886705
44 2.21438 0.753921
44 2.23744 0.613479
44 2.26051 0.539675
44 2.28358 0.524378
