77 0 0
77 0.0230664 0
77 0.0461329 0
77 0.0691993 0
77 0.0922657 0
77 0.115332 0
77 0.138399 0
77 0.161465 0
77 0.184531 0
77 0.207598 0
77 0.230664 0
77 0.253731 0
77 0.276797 0
77 0.299864 0
77 0.32293 0
77 0.345996 0
77 0.369063 0
77 0.392129 0
77 0.415196 0
77 0.438262 0
77 0.461329 0
77 0.484395 0
77 0.507461 0
77 0.530528 0
77 0.553594 0
77 0.576661 0
77 0.599727 0
77 0.622794 0
77 0.64586 0
77 0.668926 0
77 0.691993 0
77 0.715059 0
77 0.738126 0
77 0.761192 0
77 0.784259 0
77 0.807325 0
77 0.830391 0
77 0.853458 0
77 0.876524 0
77 0.899591 0.00760548
77 0.922657 0.0516691
77 0.945724 0.297368
77 0.96879 0.912819
77 0.991856 2.02783
77 1.01492 3.2705
77 1.03799 4.30092
77 1.06106 4.46206
77 1.08412 4.1484
77 1.10719 3.36125
77 1.13026 2.48007
77 1.15332 1.72235
77 1.17639 1.01405
77 1.19945 0.606191
77 1.22252 0.311143
77 1.24559 0.173365
77 1.26865 0.0901319
77 1.29172 0.0553401
77 1.31479 0.0403915
77 1.33785 0.067995
77 1.36092 0.101156
77 1.38399 0.176748
77 1.40705 0.267327
77 1.43012 0.410497
77 1.45319 0.577942
77 1.47625 0.767911
77 1.49932 0.861403
77 1.52238 0.924721
77 1.54545 0.88463
77 1.56852 0.775927
77 1.59158 0.602026
77 1.61465 0.44172
77 1.63772 0.298645
77 1.66078 0.201491
77 1.68385 0.18355
77 1.70692 0.241268
77 1.72998 0.431363
77 1.75305 0.719987
77 1.77612 1.10216
77 1.79918 1.64228
77 1.82225 2.08407
77 1.84531 2.51058
77 1.86838 2.61363
77 1.89145 2.42716
77 1.91451 2.07611
77 1.93758 1.63769
77 1.96065 1.1294
77 1.98371 0.750163
77 2.00678 0.511912
77 2.02985 0.418096
77 2.05291 0.454771
77 2.07598 0.56198
77 2.09905 0.730076
77 2.12211 0.869823
77 2.14518 0.981085
77 2.16824 0.988229
77 2.19131 0.876888
77 2.21438 0.731645
77 2.23744 0.623127
77 2.26051 0.530272
77 2.28358 0.548642
