16 0 0
16 0.0230664 0
16 0.0461329 0
16 0.0691993 0
16 0.0922657 0
16 0.115332 0
16 0.138399 0
16 0.161465 0
16 0.184531 0
16 0.207598 0
16 0.230664 0
16 0.253731 0
16 0.276797 0
16 0.299864 0
16 0.32293 0
16 0.345996 0
16 0.369063 0
16 0.392129 0
16 0.415196 0
16 0.438262 0
16 0.461329 0
16 0.484395 0
16 0.507461 0
16 0.530528 0
16 0.553594 0
16 0.576661 0
16 0.599727 0
16 0.622794 0
16 0.64586 0
16 0.668926 0
16 0.691993 0
16 0.715059 0
16 0.738126 0
16 0.761192 0
16 0.784259 0
16 0.807325 0
16 0.830391 0
16 0.853458 0
16 0.876524 0
16 0.899591 0.00475343
16 0.922657 0.0540864
16 0.945724 0.269102
16 0.96879 0.950302
16 0.991856 2.1143
16 1.01492 3.33386
16 1.03799 4.17997
16 1.06106 4.41125
16 1.08412 4.11209
16 1.10719 3.29256
16 1.13026 2.54839
16 1.15332 1.73581
16 1.17639 1.0459
16 1.19945 0.616481
16 1.22252 0.328507
16 1.24559 0.16533
16 1.26865 0.0802273
16 1.29172 0.0499177
16 1.31479 0.0410081
16 1.33785 0.0569607
16 1.36092 0.103898
16 1.38399 0.171857
16 1.40705 0.293722
16 1.43012 0.421779
16 1.45319 0.583412
16 1.47625 0.750263
16 1.49932 0.858528
16 1.52238 0.914136
16 1.54545 0.868924
16 1.56852 0.775268
16 1.59158 0.614197
16 1.61465 0.435075
16 1.63772 0.295917
16 1.66078 0.22165
16 1.68385 0.177805
16 1.70692 0.241828
16 1.72998 0.422821
16 1.75305 0.720607
16 1.77612 1.16261
16 1.79918 1.61701
16 1.82225 2.0835
16 1.84531 2.47314
16 1.86838 2.5806
16 1.89145 2.46339
16 1.91451 2.06647
16 1.93758 1.60063
16 1.96065 1.14174
16 1.98371 0.784936
16 2.00678 0.528061
16 2.02985 0.410765
16 2.05291 0.456661
16 2.07598 0.5741
16 2.09905 0.723958
16 2.12211 0.870984
16 2.14518 0.965287
16 2.16824 0.98014
16 2.19131 0.861041
16 2.21438 0.745427
16 2.23744 0.640768
16 2.26051 0.561938
16 2.28358 0.562416
