59 0 0
59 0.0230664 0
59 0.0461329 0
59 0.0691993 0
59 0.0922657 0
59 0.115332 0
59 0.138399 0
59 0.161465 0
59 0.184531 0
59 0.207598 0
59 0.230664 0
59 0.253731 0
59 0.276797 0
59 0.299864 0
59 0.32293 0
59 0.345996 0
59 0.369063 0
59 0.392129 0
59 0.415196 0
59 0.438262 0
59 0.461329 0
59 0.484395 0
59 0.507461 0
59 0.530528 0
59 0.553594 0
59 0.576661 0
59 0.599727 0
59 0.622794 0
59 0.64586 0
59 0.668926 0
59 0.691993 0
59 0.715059 0
59 0.738126 0
59 0.761192 0
59 0.784259 0
59 0.807325 0
59 0.830391 0
59 0.853458 0
59 0.876524 0
59 0.899591 0.00253516
59 0.922657 0.0504605
59 0.945724 0.297079
59 0.96879 0.977587
59 0.991856 2.09716
59 1.01492 3.33487
59 1.03799 4.26439
59 1.06106 4.45464
59 1.08412 3.97221
59 1.10719 3.28956
59 1.13026 2.43706
59 1.15332 1.69443
59 1.17639 1.06382
59 1.19945 0.643676
59 1.22252 0.358806
59 1.24559 0.19354
59 1.26865 0.0997064
59 1.29172 0.0499177
59 1.31479 0.0558081
59 1.33785 0.066653
59 1.36092 0.10967
59 1.38399 0.173255
59 1.40705 0.308881
59 1.43012 0.467303
59 1.45319 0.585957
59 1.47625 0.720765
59 1.49932 0.855773
59 1.52238 0.868889
59 1.54545 0.844743
59 1.56852 0.745619
59 1.59158 0.58676
59 1.61465 0.44037
59 1.63772 0.313396
59 1.66078 0.236302
59 1.68385 0.211604
59 1.70692 0.277733
59 1.72998 0.452263
59 1.75305 0.739738
59 1.77612 1.19525
59 1.79918 1.65517
59 1.82225 2.12212
59 1.84531 2.38878
59 1.86838 2.50271
59 1.89145 2.33253
59 1.91451 2.01108
59 1.93758 1.6134
59 1.96065 1.18501
59 1.98371 0.801451
59 2.00678 0.559812
59 2.02985 0.451882
59 2.05291 0.475436
59 2.07598 0.587432
59 2.09905 0.741314
59 2.12211 0.863528
59 2.14518 0.947692
59 2.16824 0.947729
59 2.19131 0.860352
59 2.21438 0.752121
59 2.23744 0.640823
59 2.26051 0.578744
59 2.28358 0.604216
