46 0 0
46 0.0230664 0
46 0.0461329 0
46 0.0691993 0
46 0.0922657 0
46 0.115332 0
46 0.138399 0
46 0.161465 0
46 0.184531 0
46 0.207598 0
46 0.230664 0
46 0.253731 0
46 0.276797 0
46 0.299864 0
46 0.32293 0
46 0.345996 0
46 0.369063 0
46 0.392129 0
46 0.415196 0
46 0.438262 0
46 0.461329 0
46 0.484395 0
46 0.507461 0
46 0.530528 0
46 0.553594 0
46 0.576661 0
46 0.599727 0
46 0.622794 0
46 0.64586 0
46 0.668926 0
46 0.691993 0
46 0.715059 0
46 0.738126 0
46 0.761192 0
46 0.784259 0
46 0.807325 0
46 0.830391 0
46 0.853458 0
46 0.876524 0
46 0.899591 0.00538722
46 0.922657 0.0583166
46 0.945724 0.283812
46 0.96879 0.937624
46 0.991856 2.03679
46 1.01492 3.21926
46 1.03799 4.19376
46 1.06106 4.46693
46 1.08412 4.19317
46 1.10719 3.40256
46 1.13026 2.5276
46 1.15332 1.70829
46 1.17639 1.07278
46 1.19945 0.587633
46 1.22252 0.322483
46 1.24559 0.169775
46 1.26865 0.0724687
46 1.29172 0.0409867
46 1.31479 0.0393123
46 1.33785 0.0478649
46 1.36092 0.113421
46 1.38399 0.183874
46 1.40705 0.296293
46 1.43012 0.432275
46 1.45319 0.60911
46 1.47625 0.741253
46 1.49932 0.85745
46 1.52238 0.867726
46 1.54545 0.837286
46 1.56852 0.753635
46 1.59158 0.608646
46 1.61465 0.461553
46 1.63772 0.303697
46 1.66078 0.221158
46 1.68385 0.188337
46 1.70692 0.256377
46 1.72998 0.419458
46 1.75305 0.707144
46 1.77612 1.17366
46 1.79918 1.59613
46 1.82225 2.12696
46 1.84531 2.4397
46 1.86838 2.58522
46 1.89145 2.42258
46 1.91451 2.10933
46 1.93758 1.62208
46 1.96065 1.16184
46 1.98371 0.775737
46 2.00678 0.519816
46 2.02985 0.407167
46 2.05291 0.436322
46 2.07598 0.565425
46 2.09905 0.704479
46 2.12211 0.878135
46 2.14518 0.969775
46 2.16824 0.985239
46 2.19131 0.884696
46 2.21438 0.756734
46 2.23744 0.63509
46 2.26051 0.576636
46 2.28358 0.567237
