36 0 0
36 0.0230664 0
36 0.0461329 0
36 0.0691993 0
36 0.0922657 0
36 0.115332 0
36 0.138399 0
36 0.161465 0
36 0.184531 0
36 0.207598 0
36 0.230664 0
36 0.253731 0
36 0.276797 0
36 0.299864 0
36 0.32293 0
36 0.345996 0
36 0.369063 0
36 0.392129 0
36 0.415196 0
36 0.438262 0
36 0.461329 0
36 0.484395 0
36 0.507461 0
36 0.530528 0
36 0.553594 0
36 0.576661 0
36 0.599727 0
36 0.622794 0
36 0.64586 0
36 0.668926 0
36 0.691993 0
36 0.715059 0
36 0.738126 0
36 0.761192 0
36 0.784259 0
36 0.807325 0
36 0.830391 0
36 0.853458 0
36 0.876524 0.000332737
36 0.899591 0.00190137
36 0.922657 0.0371655
36 0.945724 0.250066
36 0.96879 0.88388
36 0.991856 1.98539
36 1.01492 3.27984
36 1.03799 4.26052
36 1.06106 4.52355
36 1.08412 4.18961
36 1.10719 3.44365
36 1.13026 2.56897
36 1.15332 1.7069
36 1.17639 1.04151
36 1.19945 0.586898
36 1.22252 0.288462
36 1.24559 0.150797
36 1.26865 0.0630593
36 1.29172 0.0377971
36 1.31479 0.0385415
36 1.33785 0.0538294
36 1.36092 0.0989913
36 1.38399 0.168225
36 1.40705 0.275584
36 1.43012 0.420205
36 1.45319 0.589264
36 1.47625 0.75162
36 1.49932 0.864038
36 1.52238 0.916347
36 1.54545 0.889602
36 1.56852 0.782296
36 1.59158 0.59829
36 1.61465 0.438397
36 1.63772 0.301272
36 1.66078 0.211718
36 1.68385 0.172156
36 1.70692 0.229704
36 1.72998 0.379748
36 1.75305 0.666933
36 1.77612 1.11244
36 1.79918 1.64371
36 1.82225 2.15671
36 1.84531 2.48741
36 1.86838 2.65771
36 1.89145 2.50651
36 1.91451 2.0823
36 1.93758 1.59115
36 1.96065 1.15849
36 1.98371 0.759013
36 2.00678 0.489086
36 2.02985 0.394838
36 2.05291 0.418134
36 2.07598 0.536464
36 2.09905 0.719838
36 2.12211 0.879174
36 2.14518 0.980128
36 2.16824 1.02058
36 2.19131 0.909671
36 2.21438 0.75364
36 2.23744 0.612156
36 2.26051 0.536486
36 2.28358 0.544616
