25 0 0
25 0.0230664 0
25 0.0461329 0
25 0.0691993 0
25 0.0922657 0
25 0.115332 0
25 0.138399 0
25 0.161465 0
25 0.184531 0
25 0.207598 0
25 0.230664 0
25 0.253731 0
25 0.276797 0
25 0.299864 0
25 0.32293 0
25 0.345996 0
25 0.369063 0
25 0.392129 0
25 0.415196 0
25 0.438262 0
25 0.461329 0
25 0.484395 0
25 0.507461 0
25 0.530528 0
25 0.553594 0
25 0.576661 0
25 0.599727 0
25 0.622794 0
25 0.64586 0
25 0.668926 0
25 0.691993 0
25 0.715059 0
25 0.738126 0
25 0.761192 0
25 0.784259 0
25 0.807325 0
25 0.830391 0
25 0.853458 0
25 0.876524 0
25 0.899591 0.000950685
25 0.922657 0.0392806
25 0.945724 0.244009
25 0.96879 0.882777
25 0.991856 2.01069
25 1.01492 3.25384
25 1.03799 4.21238
25 1.06106 4.56995
25 1.08412 4.26088
25 1.10719 3.49565
25 1.13026 2.54407
25 1.15332 1.68056
25 1.17639 1.03407
25 1.19945 0.538204
25 1.22252 0.278186
25 1.24559 0.147891
25 1.26865 0.0716433
25 1.29172 0.0349264
25 1.31479 0.0292915
25 1.33785 0.0481631
25 1.36092 0.0907661
25 1.38399 0.157466
25 1.40705 0.271253
25 1.43012 0.421255
25 1.45319 0.585829
25 1.47625 0.763592
25 1.49932 0.880569
25 1.52238 0.967991
25 1.54545 0.909828
25 1.56852 0.784931
25 1.59158 0.600745
25 1.61465 0.428741
25 1.63772 0.278843
25 1.66078 0.184577
25 1.68385 0.165645
25 1.70692 0.212357
25 1.72998 0.356849
25 1.75305 0.656571
25 1.77612 1.09223
25 1.79918 1.64658
25 1.82225 2.15827
25 1.84531 2.53713
25 1.86838 2.70092
25 1.89145 2.51644
25 1.91451 2.15704
25 1.93758 1.62879
25 1.96065 1.10274
25 1.98371 0.719362
25 2.00678 0.466192
25 2.02985 0.362652
25 2.05291 0.402618
25 2.07598 0.529511
25 2.09905 0.70423
25 2.12211 0.890603
25 2.14518 1.01765
25 2.16824 1.02885
25 2.19131 0.932752
25 2.21438 0.757353
25 2.23744 0.60317
25 2.26051 0.502118
25 2.28358 0.499372
