39 0 0
39 0.0230664 0
39 0.0461329 0
39 0.0691993 0
39 0.0922657 0
39 0.115332 0
39 0.138399 0
39 0.161465 0
39 0.184531 0
39 0.207598 0
39 0.230664 0
39 0.253731 0
39 0.276797 0
39 0.299864 0
39 0.32293 0
39 0.345996 0
39 0.369063 0
39 0.392129 0
39 0.415196 0
39 0.438262 0
39 0.461329 0
39 0.484395 0
39 0.507461 0
39 0.530528 0
39 0.553594 0
39 0.576661 0
39 0.599727 0
39 0.622794 0
39 0.64586 0
39 0.668926 0
39 0.691993 0
39 0.715059 0
39 0.738126 0
39 0.761192 0
39 0.784259 0
39 0.807325 0
39 0.830391 0
39 0.853458 0
39 0.876524 0
39 0.899591 0.00316895
39 0.922657 0.0329353
39 0.945724 0.236221
39 0.96879 0.857146
39 0.991856 1.94189
39 1.01492 3.30155
39 1.03799 4.22835
39 1.06106 4.64768
39 1.08412 4.32904
39 1.10719 3.43188
39 1.13026 2.55765
39 1.15332 1.6766
39 1.17639 0.985641
39 1.19945 0.578629
39 1.22252 0.274819
39 1.24559 0.130964
39 1.26865 0.0595927
39 1.29172 0.0325342
39 1.31479 0.0209666
39 1.33785 0.043988
39 1.36092 0.0757586
39 1.38399 0.146708
39 1.40705 0.275449
39 1.43012 0.379142
39 1.45319 0.594862
39 1.47625 0.771367
39 1.49932 0.926209
39 1.52238 0.966479
39 1.54545 0.922709
39 1.56852 0.808431
39 1.59158 0.621777
39 1.61465 0.432167
39 1.63772 0.263891
39 1.66078 0.164713
39 1.68385 0.140655
39 1.70692 0.18643
39 1.72998 0.358575
39 1.75305 0.688102
39 1.77612 1.10363
39 1.79918 1.61693
39 1.82225 2.13378
39 1.84531 2.54715
39 1.86838 2.69998
39 1.89145 2.55665
39 1.91451 2.16092
39 1.93758 1.62966
39 1.96065 1.11066
39 1.98371 0.721592
39 2.00678 0.46592
39 2.02985 0.360319
39 2.05291 0.391275
39 2.07598 0.534678
39 2.09905 0.728391
39 2.12211 0.876301
39 2.14518 0.9909
39 2.16824 1.02879
39 2.19131 0.912657
39 2.21438 0.757578
39 2.23744 0.610723
39 2.26051 0.490879
39 2.28358 0.492962
