41 0 0
41 0.0230664 0
41 0.0461329 0
41 0.0691993 0
41 0.0922657 0
41 0.115332 0
41 0.138399 0
41 0.161465 0
41 0.184531 0
41 0.207598 0
41 0.230664 0
41 0.253731 0
41 0.276797 0
41 0.299864 0
41 0.32293 0
41 0.345996 0
41 0.369063 0
41 0.392129 0
41 0.415196 0
41 0.438262 0
41 0.461329 0
41 0.484395 0
41 0.507461 0
41 0.530528 0
41 0.553594 0
41 0.576661 0
41 0.599727 0
41 0.622794 0
41 0.64586 0
41 0.668926 0
41 0.691993 0
41 0.715059 0
41 0.738126 0
41 0.761192 0
41 0.784259 0
41 0.807325 0
41 0.830391 0
41 0.853458 0
41 0.876524 0
41 0.899591 0.00316895
41 0.922657 0.0407914
41 0.945724 0.259872
41 0.96879 0.914748
41 0.991856 2.07317
41 1.01492 3.4015
41 1.03799 4.1478
41 1.06106 4.42053
41 1.08412 4.09761
41 1.10719 3.44643
41 1.13026 2.52143
41 1.15332 1.7073
41 1.17639 1.06668
41 1.19945 0.596636
41 1.22252 0.324609
41 1.24559 0.170288
41 1.26865 0.0683418
41 1.29172 0.0419436
41 1.31479 0.036229
41 1.33785 0.0629252
41 1.36092 0.106784
41 1.38399 0.179682
41 1.40705 0.275178
41 1.43012 0.416532
41 1.45319 0.612799
41 1.47625 0.727677
41 1.49932 0.877575
41 1.52238 0.903435
41 1.54545 0.869489
41 1.56852 0.742983
41 1.59158 0.599251
41 1.61465 0.444835
41 1.63772 0.312486
41 1.66078 0.198147
41 1.68385 0.193412
41 1.70692 0.244532
41 1.72998 0.422366
41 1.75305 0.705196
41 1.77612 1.1184
41 1.79918 1.62889
41 1.82225 2.12565
41 1.84531 2.47354
41 1.86838 2.58271
41 1.89145 2.47027
41 1.91451 2.06737
41 1.93758 1.62748
41 1.96065 1.16455
41 1.98371 0.789465
41 2.00678 0.500738
41 2.02985 0.425359
41 2.05291 0.440755
41 2.07598 0.541121
41 2.09905 0.697237
41 2.12211 0.878563
41 2.14518 0.973844
41 2.16824 0.993972
41 2.19131 0.898762
41 2.21438 0.749646
41 2.23744 0.625387
41 2.26051 0.553292
41 2.28358 0.564906
