70 0 0
70 0.0230664 0
70 0.0461329 0
70 0.0691993 0
70 0.0922657 0
70 0.115332 0
70 0.138399 0
70 0.161465 0
70 0.184531 0
70 0.207598 0
70 0.230664 0
70 0.253731 0
70 0.276797 0
70 0.299864 0
70 0.32293 0
70 0.345996 0
70 0.369063 0
70 0.392129 0
70 0.415196 0
70 0.438262 0
70 0.461329 0
70 0.484395 0
70 0.507461 0
70 0.530528 0
70 0.553594 0
70 0.576661 0
70 0.599727 0
70 0.622794 0
70 0.64586 0
70 0.668926 0
70 0.691993 0
70 0.715059 0
70 0.738126 0
70 0.761192 0
70 0.784259 0
70 0.807325 0
70 0.830391 0
70 0.853458 0
70 0.876524 0.000332737
70 0.899591 0.00285206
70 0.922657 0.0416979
70 0.945724 0.261026
70 0.96879 0.882777
70 0.991856 1.99092
70 1.01492 3.31038
70 1.03799 4.25084
70 1.06106 4.47877
70 1.08412 4.19607
70 1.10719 3.43145
70 1.13026 2.56773
70 1.15332 1.69957
70 1.17639 1.07812
70 1.19945 0.570176
70 1.22252 0.305295
70 1.24559 0.134897
70 1.26865 0.0633895
70 1.29172 0.0303015
70 1.31479 0.0258999
70 1.33785 0.0508471
70 1.36092 0.0852826
70 1.38399 0.179682
70 1.40705 0.273554
70 1.43012 0.431225
70 1.45319 0.617125
70 1.47625 0.751497
70 1.49932 0.90884
70 1.52238 0.903901
70 1.54545 0.864404
70 1.56852 0.766593
70 1.59158 0.591777
70 1.61465 0.439747
70 1.63772 0.30208
70 1.66078 0.200901
70 1.68385 0.156836
70 1.70692 0.201912
70 1.72998 0.386291
70 1.75305 0.68881
70 1.77612 1.13092
70 1.79918 1.66797
70 1.82225 2.16295
70 1.84531 2.52662
70 1.86838 2.6145
70 1.89145 2.4598
70 1.91451 2.10993
70 1.93758 1.62711
70 1.96065 1.13012
70 1.98371 0.756365
70 2.00678 0.492698
70 2.02985 0.384909
70 2.05291 0.409202
70 2.07598 0.556048
70 2.09905 0.735633
70 2.12211 0.865361
70 2.14518 0.980846
70 2.16824 1.00405
70 2.19131 0.89193
70 2.21438 0.759434
70 2.23744 0.621694
70 2.26051 0.528705
70 2.28358 0.517014
