28 0 0
28 0.0230664 0
28 0.0461329 0
28 0.0691993 0
28 0.0922657 0
28 0.115332 0
28 0.138399 0
28 0.161465 0
28 0.184531 0
28 0.207598 0
28 0.230664 0
28 0.253731 0
28 0.276797 0
28 0.299864 0
28 0.32293 0
28 0.345996 0
28 0.369063 0
28 0.392129 0
28 0.415196 0
28 0.438262 0
28 0.461329 0
28 0.484395 0
28 0.507461 0
28 0.530528 0
28 0.553594 0
28 0.576661 0
28 0.599727 0
28 0.622794 0
28 0.64586 0
28 0.668926 0
28 0.691993 0
28 0.715059 0
28 0.738126 0
28 0.761192 0
28 0.784259 0
28 0.807325 0
28 0.830391 0
28 0.853458 0
28 0.876524 0
28 0.899591 0.00602101
28 0.922657 0.0513669
28 0.945724 0.292176
28 0.96879 0.898763
28 0.991856 2.05208
28 1.01492 3.38611
28 1.03799 4.2119
28 1.06106 4.46485
28 1.08412 4.10964
28 1.10719 3.34606
28 1.13026 2.48624
28 1.15332 1.68809
28 1.17639 1.03808
28 1.19945 0.615379
28 1.22252 0.344631
28 1.24559 0.175246
28 1.26865 0.0830336
28 1.29172 0.0481634
28 1.31479 0.0402373
28 1.33785 0.0538294
28 1.36092 0.10866
28 1.38399 0.173394
28 1.40705 0.290879
28 1.43012 0.426502
28 1.45319 0.589264
28 1.47625 0.758778
28 1.49932 0.873142
28 1.52238 0.898201
28 1.54545 0.873896
28 1.56852 0.74474
28 1.59158 0.614304
28 1.61465 0.429883
28 1.63772 0.306122
28 1.66078 0.207391
28 1.68385 0.188242
28 1.70692 0.246771
28 1.72998 0.420367
28 1.75305 0.721935
28 1.77612 1.12349
28 1.79918 1.64464
28 1.82225 2.12433
28 1.84531 2.46071
28 1.86838 2.55117
28 1.89145 2.41723
28 1.91451 2.10545
28 1.93758 1.62966
28 1.96065 1.15763
28 1.98371 0.763124
28 2.00678 0.531331
28 2.02985 0.420495
28 2.05291 0.442059
28 2.07598 0.557961
28 2.09905 0.719588
28 2.12211 0.878379
28 2.14518 0.977555
28 2.16824 0.97299
28 2.19131 0.874361
28 2.21438 0.743627
28 2.23744 0.638012
28 2.26051 0.558318
28 2.28358 0.565118
