47 0 0
47 0.0230664 0
47 0.0461329 0
47 0.0691993 0
47 0.0922657 0
47 0.115332 0
47 0.138399 0
47 0.161465 0
47 0.184531 0
47 0.207598 0
47 0.230664 0
47 0.253731 0
47 0.276797 0
47 0.299864 0
47 0.32293 0
47 0.345996 0
47 0.369063 0
47 0.392129 0
47 0.415196 0
47 0.438262 0
47 0.461329 0
47 0.484395 0
47 0.507461 0
47 0.530528 0
47 0.553594 0
47 0.576661 0
47 0.599727 0
47 0.622794 0
47 0.64586 0
47 0.668926 0
47 0.691993 0
47 0.715059 0
47 0.738126 0
47 0.761192 0
47 0.784259 0
47 0.807325 0
47 0.830391 0
47 0.853458 0
47 0.876524 0
47 0.899591 0.00411964
47 0.922657 0.0453238
47 0.945724 0.30429
47 0.96879 1.00239
47 0.991856 2.14198
47 1.01492 3.34799
47 1.03799 4.12675
47 1.06106 4.41589
47 1.08412 4.07712
47 1.10719 3.24868
47 1.13026 2.43315
47 1.15332 1.64888
47 1.17639 1.10367
47 1.19945 0.648821
47 1.22252 0.362173
47 1.24559 0.220212
47 1.26865 0.110601
47 1.29172 0.0539047
47 1.31479 0.0517998
47 1.33785 0.0784328
47 1.36092 0.128285
47 1.38399 0.202037
47 1.40705 0.300083
47 1.43012 0.432406
47 1.45319 0.582395
47 1.47625 0.720025
47 1.49932 0.828581
47 1.52238 0.866214
47 1.54545 0.82576
47 1.56852 0.723766
47 1.59158 0.601813
47 1.61465 0.441512
47 1.63772 0.335925
47 1.66078 0.253117
47 1.68385 0.222711
47 1.70692 0.296852
47 1.72998 0.447447
47 1.75305 0.757275
47 1.77612 1.15328
47 1.79918 1.64717
47 1.82225 2.08769
47 1.84531 2.40393
47 1.86838 2.48674
47 1.89145 2.34254
47 1.91451 2.01115
47 1.93758 1.63127
47 1.96065 1.19107
47 1.98371 0.790929
47 2.00678 0.557428
47 2.02985 0.475272
47 2.05291 0.492647
47 2.07598 0.593109
47 2.09905 0.729889
47 2.12211 0.878074
47 2.14518 0.949488
47 2.16824 0.936124
47 2.19131 0.835664
47 2.21438 0.749646
47 2.23744 0.652015
47 2.26051 0.590578
47 2.28358 0.612428
