72 0 0
72 0.0230664 0
72 0.0461329 0
72 0.0691993 0
72 0.0922657 0
72 0.115332 0
72 0.138399 0
72 0.161465 0
72 0.184531 0
72 0.207598 0
72 0.230664 0
72 0.253731 0
72 0.276797 0
72 0.299864 0
72 0.32293 0
72 0.345996 0
72 0.369063 0
72 0.392129 0
72 0.415196 0
72 0.438262 0
72 0.461329 0
72 0.484395 0
72 0.507461 0
72 0.530528 0
72 0.553594 0
72 0.576661 0
72 0.599727 0
72 0.622794 0
72 0.64586 0
72 0.668926 0
72 0.691993 0
72 0.715059 0
72 0.738126 0
72 0.761192 0
72 0.784259 0
72 0.807325 0
72 0.830391 0
72 0.853458 0
72 0.876524 0
72 0.899591 0.00221827
72 0.922657 0.0317266
72 0.945724 0.25843
72 0.96879 0.87699
72 0.991856 2.07476
72 1.01492 3.36945
72 1.03799 4.3135
72 1.06106 4.48898
72 1.08412 4.12211
72 1.10719 3.34049
72 1.13026 2.40928
72 1.15332 1.6566
72 1.17639 1.05086
72 1.19945 0.647168
72 1.22252 0.341087
72 1.24559 0.176443
72 1.26865 0.0863352
72 1.29172 0.0535858
72 1.31479 0.0437831
72 1.33785 0.0621796
72 1.36092 0.108804
72 1.38399 0.179542
72 1.40705 0.304821
72 1.43012 0.42624
72 1.45319 0.583031
72 1.47625 0.72743
72 1.49932 0.839242
72 1.52238 0.898783
72 1.54545 0.871071
72 1.56852 0.757369
72 1.59158 0.610247
72 1.61465 0.443797
72 1.63772 0.297332
72 1.66078 0.22401
72 1.68385 0.193795
72 1.70692 0.25675
72 1.72998 0.429363
72 1.75305 0.735309
72 1.77612 1.17047
72 1.79918 1.63192
72 1.82225 2.10149
72 1.84531 2.4146
72 1.86838 2.49895
72 1.89145 2.44451
72 1.91451 2.06424
72 1.93758 1.65308
72 1.96065 1.16106
72 1.98371 0.793925
72 2.00678 0.523291
72 2.02985 0.428425
72 2.05291 0.455618
72 2.07598 0.573717
72 2.09905 0.743374
72 2.12211 0.861083
72 2.14518 0.975879
72 2.16824 0.951597
72 2.19131 0.877921
72 2.21438 0.74869
72 2.23744 0.625497
72 2.26051 0.566585
72 2.28358 0.582813
