24 0 0
24 0.0230664 0
24 0.0461329 0
24 0.0691993 0
24 0.0922657 0
24 0.115332 0
24 0.138399 0
24 0.161465 0
24 0.184531 0
24 0.207598 0
24 0.230664 0
24 0.253731 0
24 0.276797 0
24 0.299864 0
24 0.32293 0
24 0.345996 0
24 0.369063 0
24 0.392129 0
24 0.415196 0
24 0.438262 0
24 0.461329 0
24 0.484395 0
24 0.507461 0
24 0.530528 0
24 0.553594 0
24 0.576661 0
24 0.599727 0
24 0.622794 0
24 0.64586 0
24 0.668926 0
24 0.691993 0
24 0.715059 0
24 0.738126 0
24 0.761192 0
24 0.784259 0
24 0.807325 0
24 0.830391 0
24 0.853458 0
24 0.876524 0.000665473
24 0.899591 0.00285206
24 0.922657 0.0516691
24 0.945724 0.286119
24 0.96879 0.941482
24 0.991856 2.0476
24 1.01492 3.36137
24 1.03799 4.11006
24 1.06106 4.51079
24 1.08412 4.05975
24 1.10719 3.43594
24 1.13026 2.50805
24 1.15332 1.72413
24 1.17639 1.03541
24 1.19945 0.596636
24 1.22252 0.333468
24 1.24559 0.167723
24 1.26865 0.0802273
24 1.29172 0.0468876
24 1.31479 0.0383873
24 1.33785 0.0578554
24 1.36092 0.104186
24 1.38399 0.182476
24 1.40705 0.292233
24 1.43012 0.426634
24 1.45319 0.570691
24 1.47625 0.740512
24 1.49932 0.885001
24 1.52238 0.914369
24 1.54545 0.886099
24 1.56852 0.731892
24 1.59158 0.589108
24 1.61465 0.436321
24 1.63772 0.297736
24 1.66078 0.22165
24 1.68385 0.190252
24 1.70692 0.248822
24 1.72998 0.43945
24 1.75305 0.719278
24 1.77612 1.13057
24 1.79918 1.64152
24 1.82225 2.13633
24 1.84531 2.42438
24 1.86838 2.56596
24 1.89145 2.45338
24 1.91451 2.07573
24 1.93758 1.58706
24 1.96065 1.15749
24 1.98371 0.762427
24 2.00678 0.54455
24 2.02985 0.429891
24 2.05291 0.450207
24 2.07598 0.563957
24 2.09905 0.723958
24 2.12211 0.869884
24 2.14518 0.978033
24 2.16824 0.972931
24 2.19131 0.882227
24 2.21438 0.739689
24 2.23744 0.624505
24 2.26051 0.555562
24 2.28358 0.571052
