66 0 0
66 0.0230664 0
66 0.0461329 0
66 0.0691993 0
66 0.0922657 0
66 0.115332 0
66 0.138399 0
66 0.161465 0
66 0.184531 0
66 0.207598 0
66 0.230664 0
66 0.253731 0
66 0.276797 0
66 0.299864 0
66 0.32293 0
66 0.345996 0
66 0.369063 0
66 0.392129 0
66 0.415196 0
66 0.438262 0
66 0.461329 0
66 0.484395 0
66 0.507461 0
66 0.530528 0
66 0.553594 0
66 0.576661 0
66 0.599727 0
66 0.622794 0
66 0.64586 0
66 0.668926 0
66 0.691993 0
66 0.715059 0
66 0.738126 0
66 0.761192 0
66 0.784259 0
66 0.807325 0
66 0.830391 0
66 0.853458 0
66 0.876524 0
66 0.899591 0.00380274
66 0.922657 0.042
66 0.945724 0.244586
66 0.96879 0.838956
66 0.991856 1.98987
66 1.01492 3.35809
66 1.03799 4.29826
66 1.06106 4.592
66 1.08412 4.26111
66 1.10719 3.32102
66 1.13026 2.46937
66 1.15332 1.67363
66 1.17639 1.02607
66 1.19945 0.578996
66 1.22252 0.340556
66 1.24559 0.146865
66 1.26865 0.0652053
66 1.29172 0.0406678
66 1.31479 0.0272874
66 1.33785 0.049356
66 1.36092 0.0858598
66 1.38399 0.16068
66 1.40705 0.279509
66 1.43012 0.417188
66 1.45319 0.586211
66 1.47625 0.766307
66 1.49932 0.900694
66 1.52238 0.920185
66 1.54545 0.924065
66 1.56852 0.781857
66 1.59158 0.59893
66 1.61465 0.440059
66 1.63772 0.295311
66 1.66078 0.18438
66 1.68385 0.170241
66 1.70692 0.213476
66 1.72998 0.394015
66 1.75305 0.687747
66 1.77612 1.14154
66 1.79918 1.65854
66 1.82225 2.15408
66 1.84531 2.50738
66 1.86838 2.56933
66 1.89145 2.49397
66 1.91451 2.11344
66 1.93758 1.62821
66 1.96065 1.09668
66 1.98371 0.728072
66 2.00678 0.502305
66 2.02985 0.394372
66 2.05291 0.416504
66 2.07598 0.561151
66 2.09905 0.727267
66 2.12211 0.905577
66 2.14518 0.998321
66 2.16824 0.981723
66 2.19131 0.888715
66 2.21438 0.738395
66 2.23744 0.599366
66 2.26051 0.534973
66 2.28358 0.518444
