56 0 0
56 0.0230664 0
56 0.0461329 0
56 0.0691993 0
56 0.0922657 0
56 0.115332 0
56 0.138399 0
56 0.161465 0
56 0.184531 0
56 0.207598 0
56 0.230664 0
56 0.253731 0
56 0.276797 0
56 0.299864 0
56 0.32293 0
56 0.345996 0
56 0.369063 0
56 0.392129 0
56 0.415196 0
56 0.438262 0
56 0.461329 0
56 0.484395 0
56 0.507461 0
56 0.530528 0
56 0.553594 0
56 0.576661 0
56 0.599727 0
56 0.622794 0
56 0.64586 0
56 0.668926 0
56 0.691993 0
56 0.715059 0
56 0.738126 0
56 0.761192 0
56 0.784259 0
56 0.807325 0
56 0.830391 0
56 0.853458 0
56 0.876524 0
56 0.899591 0.00253516
56 0.922657 0.0356547
56 0.945724 0.251508
56 0.96879 0.956641
56 0.991856 2.04549
56 1.01492 3.24122
56 1.03799 4.2402
56 1.06106 4.50591
56 1.08412 4.17223
56 1.10719 3.39228
56 1.13026 2.49879
56 1.15332 1.64274
56 1.17639 1.06096
56 1.19945 0.617768
56 1.22252 0.322837
56 1.24559 0.182085
56 1.26865 0.0797321
56 1.29172 0.0459307
56 1.31479 0.0468664
56 1.33785 0.0718719
56 1.36092 0.109525
56 1.38399 0.181778
56 1.40705 0.288037
56 1.43012 0.420205
56 1.45319 0.581377
56 1.47625 0.757421
56 1.49932 0.842117
56 1.52238 0.894014
56 1.54545 0.841128
56 1.56852 0.765055
56 1.59158 0.594126
56 1.61465 0.444316
56 1.63772 0.303899
56 1.66078 0.224502
56 1.68385 0.197529
56 1.70692 0.263558
56 1.72998 0.426092
56 1.75305 0.731678
56 1.77612 1.15683
56 1.79918 1.62165
56 1.82225 2.07084
56 1.84531 2.43777
56 1.86838 2.58068
56 1.89145 2.42112
56 1.91451 2.09201
56 1.93758 1.62573
56 1.96065 1.14801
56 1.98371 0.791138
56 2.00678 0.53283
56 2.02985 0.416363
56 2.05291 0.443884
56 2.07598 0.555091
56 2.09905 0.718339
56 2.12211 0.862
56 2.14518 0.991498
56 2.16824 0.985415
56 2.19131 0.899049
56 2.21438 0.75724
56 2.23744 0.62875
56 2.26051 0.558047
56 2.28358 0.563847
