43 0 0
43 0.0230664 0
43 0.0461329 0
43 0.0691993 0
43 0.0922657 0
43 0.115332 0
43 0.138399 0
43 0.161465 0
43 0.184531 0
43 0.207598 0
43 0.230664 0
43 0.253731 0
43 0.276797 0
43 0.299864 0
43 0.32293 0
43 0.345996 0
43 0.369063 0
43 0.392129 0
43 0.415196 0
43 0.438262 0
43 0.461329 0
43 0.484395 0
43 0.507461 0
43 0.530528 0
43 0.553594 0
43 0.576661 0
43 0.599727 0
43 0.622794 0
43 0.64586 0
43 0.668926 0
43 0.691993 0
43 0.715059 0
43 0.738126 0
43 0.761192 0
43 0.784259 0
43 0.807325 0
43 0.830391 0
43 0.853458 0
43 0.876524 0
43 0.899591 0.00253516
43 0.922657 0.0580144
43 0.945724 0.272851
43 0.96879 0.954987
43 0.991856 2.02572
43 1.01492 3.36894
43 1.03799 4.2598
43 1.06106 4.42726
43 1.08412 4.06465
43 1.10719 3.34777
43 1.13026 2.49797
43 1.15332 1.66532
43 1.17639 1.05543
43 1.19945 0.637429
43 1.22252 0.332228
43 1.24559 0.185675
43 1.26865 0.0934335
43 1.29172 0.0567754
43 1.31479 0.0385415
43 1.33785 0.0550222
43 1.36092 0.108515
43 1.38399 0.192676
43 1.40705 0.29115
43 1.43012 0.422435
43 1.45319 0.582776
43 1.47625 0.743721
43 1.49932 0.862841
43 1.52238 0.887384
43 1.54545 0.856834
43 1.56852 0.76253
43 1.59158 0.591884
43 1.61465 0.436217
43 1.63772 0.315416
43 1.66078 0.223912
43 1.68385 0.203561
43 1.70692 0.23903
43 1.72998 0.453171
43 1.75305 0.750366
43 1.77612 1.13835
43 1.79918 1.64178
43 1.82225 2.07643
43 1.84531 2.43408
43 1.86838 2.56878
43 1.89145 2.38573
43 1.91451 2.09216
43 1.93758 1.59757
43 1.96065 1.15286
43 1.98371 0.808698
43 2.00678 0.53869
43 2.02985 0.43249
43 2.05291 0.449816
43 2.07598 0.572059
43 2.09905 0.723708
43 2.12211 0.857416
43 2.14518 0.959661
43 2.16824 0.979671
43 2.19131 0.874361
43 2.21438 0.735189
43 2.23744 0.648542
43 2.26051 0.577825
43 2.28358 0.577886
