42 0 0
42 0.0230664 0
42 0.0461329 0
42 0.0691993 0
42 0.0922657 0
42 0.115332 0
42 0.138399 0
42 0.161465 0
42 0.184531 0
42 0.207598 0
42 0.230664 0
42 0.253731 0
42 0.276797 0
42 0.299864 0
42 0.32293 0
42 0.345996 0
42 0.369063 0
42 0.392129 0
42 0.415196 0
42 0.438262 0
42 0.461329 0
42 0.484395 0
42 0.507461 0
42 0.530528 0
42 0.553594 0
42 0.576661 0
42 0.599727 0
42 0.622794 0
42 0.64586 0
42 0.668926 0
42 0.691993 0
42 0.715059 0
42 0.738126 0
42 0.761192 0
42 0.784259 0
42 0.807325 0
42 0.830391 0
42 0.853458 0
42 0.876524 0
42 0.899591 0.00285206
42 0.922657 0.0265899
42 0.945724 0.229876
42 0.96879 0.861004
42 0.991856 2.00199
42 1.01492 3.3644
42 1.03799 4.32051
42 1.06106 4.54861
42 1.08412 4.2493
42 1.10719 3.35676
42 1.13026 2.42266
42 1.15332 1.67839
42 1.17639 1.03617
42 1.19945 0.609499
42 1.22252 0.316458
42 1.24559 0.153704
42 1.26865 0.0835288
42 1.29172 0.0312584
42 1.31479 0.0369998
42 1.33785 0.0459264
42 1.36092 0.092642
42 1.38399 0.153833
42 1.40705 0.268952
42 1.43012 0.431094
42 1.45319 0.598297
42 1.47625 0.760136
42 1.49932 0.897939
42 1.52238 0.932049
42 1.54545 0.907907
42 1.56852 0.773401
42 1.59158 0.588788
42 1.61465 0.432063
42 1.63772 0.285309
42 1.66078 0.174252
42 1.68385 0.169188
42 1.70692 0.223735
42 1.72998 0.369025
42 1.75305 0.700324
42 1.77612 1.16097
42 1.79918 1.64632
42 1.82225 2.13255
42 1.84531 2.5016
42 1.86838 2.65528
42 1.89145 2.45483
42 1.91451 2.11164
42 1.93758 1.63455
42 1.96065 1.14174
42 1.98371 0.738456
42 2.00678 0.482341
42 2.02985 0.385042
42 2.05291 0.424848
42 2.07598 0.560896
42 2.09905 0.718214
42 2.12211 0.888219
42 2.14518 0.986531
42 2.16824 0.996962
42 2.19131 0.877175
42 2.21438 0.733501
42 2.23744 0.614306
42 2.26051 0.535135
42 2.28358 0.528669
