15 0 0
15 0.0230664 0
15 0.0461329 0
15 0.0691993 0
15 0.0922657 0
15 0.115332 0
15 0.138399 0
15 0.161465 0
15 0.184531 0
15 0.207598 0
15 0.230664 0
15 0.253731 0
15 0.276797 0
15 0.299864 0
15 0.32293 0
15 0.345996 0
15 0.369063 0
15 0.392129 0
15 0.415196 0
15 0.438262 0
15 0.461329 0
15 0.484395 0
15 0.507461 0
15 0.530528 0
15 0.553594 0
15 0.576661 0
15 0.599727 0
15 0.622794 0
15 0.64586 0
15 0.668926 0
15 0.691993 0
15 0.715059 0
15 0.738126 0
15 0.761192 0
15 0.784259 0
15 0.807325 0
15 0.830391 0
15 0.853458 0
15 0.876524 0
15 0.899591 0.00063379
15 0.922657 0.0423022
15 0.945724 0.28035
15 0.96879 0.961602
15 0.991856 2.15569
15 1.01492 3.2753
15 1.03799 4.18626
15 1.06106 4.45858
15 1.08412 4.03725
15 1.10719 3.37324
15 1.13026 2.50209
15 1.15332 1.71759
15 1.17639 1.07698
15 1.19945 0.601046
15 1.22252 0.340201
15 1.24559 0.16721
15 1.26865 0.0800622
15 1.29172 0.0443359
15 1.31479 0.038079
15 1.33785 0.0624778
15 1.36092 0.100579
15 1.38399 0.179263
15 1.40705 0.286683
15 1.43012 0.427814
15 1.45319 0.585066
15 1.47625 0.752854
15 1.49932 0.853018
15 1.52238 0.912392
15 1.54545 0.87706
15 1.56852 0.763738
15 1.59158 0.584731
15 1.61465 0.446081
15 1.63772 0.299251
15 1.66078 0.22401
15 1.68385 0.199444
15 1.70692 0.242854
15 1.72998 0.419458
15 1.75305 0.701121
15 1.77612 1.1462
15 1.79918 1.63588
15 1.82225 2.10683
15 1.84531 2.46792
15 1.86838 2.59313
15 1.89145 2.41723
15 1.91451 2.0944
15 1.93758 1.62733
15 1.96065 1.12912
15 1.98371 0.776155
15 2.00678 0.520225
15 2.02985 0.418762
15 2.05291 0.440298
15 2.07598 0.553368
15 2.09905 0.731762
15 2.12211 0.868784
15 2.14518 0.97941
15 2.16824 0.994793
15 2.19131 0.872983
15 2.21438 0.763766
15 2.23744 0.612873
15 2.26051 0.562046
15 2.28358 0.533331
