68 0 0
68 0.0230664 0
68 0.0461329 0
68 0.0691993 0
68 0.0922657 0
68 0.115332 0
68 0.138399 0
68 0.161465 0
68 0.184531 0
68 0.207598 0
68 0.230664 0
68 0.253731 0
68 0.276797 0
68 0.299864 0
68 0.32293 0
68 0.345996 0
68 0.369063 0
68 0.392129 0
68 0.415196 0
68 0.438262 0
68 0.461329 0
68 0.484395 0
68 0.507461 0
68 0.530528 0
68 0.553594 0
68 0.576661 0
68 0.599727 0
68 0.622794 0
68 0.64586 0
68 0.668926 0
68 0.691993 0
68 0.715059 0
68 0.738126 0
68 0.761192 0
68 0.784259 0
68 0.807325 0
68 0.830391 0
68 0.853458 0
68 0.876524 0.000332737
68 0.899591 0.0066548
68 0.922657 0.0549928
68 0.945724 0.262468
68 0.96879 0.921638
68 0.991856 2.02019
68 1.01492 3.24905
68 1.03799 4.29293
68 1.06106 4.5203
68 1.08412 4.15285
68 1.10719 3.41518
68 1.13026 2.46998
68 1.15332 1.67997
68 1.17639 1.05181
68 1.19945 0.599209
68 1.22252 0.320534
68 1.24559 0.151652
68 1.26865 0.0846844
68 1.29172 0.0374782
68 1.31479 0.0397748
68 1.33785 0.0544258
68 1.36092 0.0949508
68 1.38399 0.168225
68 1.40705 0.266244
68 1.43012 0.406037
68 1.45319 0.591681
68 1.47625 0.754459
68 1.49932 0.895543
68 1.52238 0.931119
68 1.54545 0.909263
68 1.56852 0.763957
68 1.59158 0.612596
68 1.61465 0.440163
68 1.63772 0.277631
68 1.66078 0.199524
68 1.68385 0.186614
68 1.70692 0.235486
68 1.72998 0.411825
68 1.75305 0.710421
68 1.77612 1.12263
68 1.79918 1.60665
68 1.82225 2.13535
68 1.84531 2.48669
68 1.86838 2.62287
68 1.89145 2.45254
68 1.91451 2.09492
68 1.93758 1.61602
68 1.96065 1.12299
68 1.98371 0.741731
68 2.00678 0.525471
68 2.02985 0.408233
68 2.05291 0.418199
68 2.07598 0.564021
68 2.09905 0.7086
68 2.12211 0.88718
68 2.14518 0.982402
68 2.16824 0.985826
68 2.19131 0.910877
68 2.21438 0.750884
68 2.23744 0.634318
68 2.26051 0.521626
68 2.28358 0.535821
