19 0 0
19 0.0230664 0
19 0.0461329 0
19 0.0691993 0
19 0.0922657 0
19 0.115332 0
19 0.138399 0
19 0.161465 0
19 0.184531 0
19 0.207598 0
19 0.230664 0
19 0.253731 0
19 0.276797 0
19 0.299864 0
19 0.32293 0
19 0.345996 0
19 0.369063 0
19 0.392129 0
19 0.415196 0
19 0.438262 0
19 0.461329 0
19 0.484395 0
19 0.507461 0
19 0.530528 0
19 0.553594 0
19 0.576661 0
19 0.599727 0
19 0.622794 0
19 0.64586 0
19 0.668926 0
19 0.691993 0
19 0.715059 0
19 0.738126 0
19 0.761192 0
19 0.784259 0
19 0.807325 0
19 0.830391 0
19 0.853458 0
19 0.876524 0
19 0.899591 0.00221827
19 0.922657 0.0344461
19 0.945724 0.221223
19 0.96879 0.825175
19 0.991856 2.02862
19 1.01492 3.36465
19 1.03799 4.27963
19 1.06106 4.57622
19 1.08412 4.1807
19 1.10719 3.40919
19 1.13026 2.50147
19 1.15332 1.677
19 1.17639 1.0724
19 1.19945 0.56448
19 1.22252 0.303346
19 1.24559 0.15302
19 1.26865 0.0741195
19 1.29172 0.0357239
19 1.31479 0.0339165
19 1.33785 0.04533
19 1.36092 0.0858598
19 1.38399 0.157885
19 1.40705 0.270847
19 1.43012 0.439621
19 1.45319 0.61827
19 1.47625 0.734835
19 1.49932 0.871226
19 1.52238 0.937865
19 1.54545 0.873218
19 1.56852 0.78559
19 1.59158 0.626475
19 1.61465 0.432063
19 1.63772 0.292887
19 1.66078 0.18615
19 1.68385 0.162294
19 1.70692 0.217859
19 1.72998 0.378658
19 1.75305 0.681636
19 1.77612 1.12349
19 1.79918 1.62182
19 1.82225 2.12483
19 1.84531 2.54049
19 1.86838 2.6797
19 1.89145 2.49863
19 1.91451 2.11194
19 1.93758 1.61347
19 1.96065 1.12769
19 1.98371 0.740267
19 2.00678 0.471303
19 2.02985 0.379178
19 2.05291 0.436061
19 2.07598 0.553943
19 2.09905 0.721898
19 2.12211 0.870984
19 2.14518 0.980188
19 2.16824 1.01296
19 2.19131 0.899566
19 2.21438 0.756678
19 2.23744 0.614802
19 2.26051 0.540161
19 2.28358 0.529358
