73 0 0
73 0.0230664 0
73 0.0461329 0
73 0.0691993 0
73 0.0922657 0
73 0.115332 0
73 0.138399 0
73 0.161465 0
73 0.184531 0
73 0.207598 0
73 0.230664 0
73 0.253731 0
73 0.276797 0
73 0.299864 0
73 0.32293 0
73 0.345996 0
73 0.369063 0
73 0.392129 0
73 0.415196 0
73 0.438262 0
73 0.461329 0
73 0.484395 0
73 0.507461 0
73 0.530528 0
73 0.553594 0
73 0.576661 0
73 0.599727 0
73 0.622794 0
73 0.64586 0
73 0.668926 0
73 0.691993 0
73 0.715059 0
73 0.738126 0
73 0.761192 0
73 0.784259 0
73 0.807325 0
73 0.830391 0
73 0.853458 0
73 0.876524 0
73 0.899591 0.00411964
73 0.922657 0.0413957
73 0.945724 0.258142
73 0.96879 0.88388
73 0.991856 1.98539
73 1.01492 3.28287
73 1.03799 4.28326
73 1.06106 4.53051
73 1.08412 4.21834
73 1.10719 3.47596
73 1.13026 2.50847
73 1.15332 1.66908
73 1.17639 1.02855
73 1.19945 0.559519
73 1.22252 0.308485
73 1.24559 0.149942
73 1.26865 0.073129
73 1.29172 0.0409867
73 1.31479 0.0373082
73 1.33785 0.0481631
73 1.36092 0.0815307
73 1.38399 0.159283
73 1.40705 0.26462
73 1.43012 0.434636
73 1.45319 0.621577
73 1.47625 0.740883
73 1.49932 0.894824
73 1.52238 0.928095
73 1.54545 0.889489
73 1.56852 0.777903
73 1.59158 0.620603
73 1.61465 0.424172
73 1.63772 0.280561
73 1.66078 0.197459
73 1.68385 0.158177
73 1.70692 0.219352
73 1.72998 0.390471
73 1.75305 0.680219
73 1.77612 1.09646
73 1.79918 1.65374
73 1.82225 2.15449
73 1.84531 2.52486
73 1.86838 2.62506
73 1.89145 2.51277
73 1.91451 2.09402
73 1.93758 1.61493
73 1.96065 1.13347
73 1.98371 0.758107
73 2.00678 0.509595
73 2.02985 0.389974
73 2.05291 0.415982
73 2.07598 0.539271
73 2.09905 0.725207
73 2.12211 0.874162
73 2.14518 0.970972
73 2.16824 0.993504
73 2.19131 0.900772
73 2.21438 0.750377
73 2.23744 0.617008
73 2.26051 0.534919
73 2.28358 0.523371
