50 0 0
50 0.0230664 0
50 0.0461329 0
50 0.0691993 0
50 0.0922657 0
50 0.115332 0
50 0.138399 0
50 0.161465 0
50 0.184531 0
50 0.207598 0
50 0.230664 0
50 0.253731 0
50 0.276797 0
50 0.299864 0
50 0.32293 0
50 0.345996 0
50 0.369063 0
50 0.392129 0
50 0.415196 0
50 0.438262 0
50 0.461329 0
50 0.484395 0
50 0.507461 0
50 0.530528 0
50 0.553594 0
50 0.576661 0
50 0.599727 0
50 0.622794 0
50 0.64586 0
50 0.668926 0
50 0.691993 0
50 0.715059 0
50 0.738126 0
50 0.761192 0
50 0.784259 0
50 0.807325 0
50 0.830391 0
50 0.853458 0
50 0.876524 0
50 0.899591 0.00348585
50 0.922657 0.0359569
50 0.945724 0.265352
50 0.96879 0.920812
50 0.991856 2.01333
50 1.01492 3.28969
50 1.03799 4.17247
50 1.06106 4.5855
50 1.08412 4.17869
50 1.10719 3.39057
50 1.13026 2.52328
50 1.15332 1.7073
50 1.17639 1.05619
50 1.19945 0.574954
50 1.22252 0.317521
50 1.24559 0.155926
50 1.26865 0.0681767
50 1.29172 0.0413057
50 1.31479 0.0368457
50 1.33785 0.0530838
50 1.36092 0.0904774
50 1.38399 0.174652
50 1.40705 0.263402
50 1.43012 0.423747
50 1.45319 0.59906
50 1.47625 0.745819
50 1.49932 0.887996
50 1.52238 0.953335
50 1.54545 0.876608
50 1.56852 0.764397
50 1.59158 0.599998
50 1.61465 0.421472
50 1.63772 0.300565
50 1.66078 0.195689
50 1.68385 0.172922
50 1.70692 0.216181
50 1.72998 0.393924
50 1.75305 0.685002
50 1.77612 1.11261
50 1.79918 1.59251
50 1.82225 2.17372
50 1.84531 2.52293
50 1.86838 2.65927
50 1.89145 2.50987
50 1.91451 2.11575
50 1.93758 1.59414
50 1.96065 1.12833
50 1.98371 0.738037
50 2.00678 0.493174
50 2.02985 0.387841
50 2.05291 0.43065
50 2.07598 0.533721
50 2.09905 0.72914
50 2.12211 0.888219
50 2.14518 0.982342
50 2.16824 1.00763
50 2.19131 0.903643
50 2.21438 0.749984
50 2.23744 0.599917
50 2.26051 0.529461
50 2.28358 0.521358
