11 0 0
11 0.0230664 0
11 0.0461329 0
11 0.0691993 0
11 0.0922657 0
11 0.115332 0
11 0.138399 0
11 0.161465 0
11 0.184531 0
11 0.207598 0
11 0.230664 0
11 0.253731 0
11 0.276797 0
11 0.299864 0
11 0.32293 0
11 0.345996 0
11 0.369063 0
11 0.392129 0
11 0.415196 0
11 0.438262 0
11 0.461329 0
11 0.484395 0
11 0.507461 0
11 0.530528 0
11 0.553594 0
11 0.576661 0
11 0.599727 0
11 0.622794 0
11 0.64586 0
11 0.668926 0
11 0.691993 0
11 0.715059 0
11 0.738126 0
11 0.761192 0
11 0.784259 0
11 0.807325 0
11 0.830391 0
11 0.853458 0
11 0.876524 0
11 0.899591 0.00507032
11 0.922657 0.0489497
11 0.945724 0.270256
11 0.96879 0.900968
11 0.991856 2.06263
11 1.01492 3.33234
11 1.03799 4.17465
11 1.06106 4.5377
11 1.08412 4.17468
11 1.10719 3.37516
11 1.13026 2.50188
11 1.15332 1.6673
11 1.17639 1.04857
11 1.19945 0.584876
11 1.22252 0.305295
11 1.24559 0.171827
11 1.26865 0.0828685
11 1.29172 0.0505556
11 1.31479 0.0396206
11 1.33785 0.0477158
11 1.36092 0.0860041
11 1.38399 0.159841
11 1.40705 0.254604
11 1.43012 0.416532
11 1.45319 0.598551
11 1.47625 0.787165
11 1.49932 0.893147
11 1.52238 0.929956
11 1.54545 0.878642
11 1.56852 0.793387
11 1.59158 0.611955
11 1.61465 0.415761
11 1.63772 0.297534
11 1.66078 0.193821
11 1.68385 0.175124
11 1.70692 0.224108
11 1.72998 0.407645
11 1.75305 0.722821
11 1.77612 1.13126
11 1.79918 1.65626
11 1.82225 2.12351
11 1.84531 2.49126
11 1.86838 2.58678
11 1.89145 2.43091
11 1.91451 2.08305
11 1.93758 1.61012
11 1.96065 1.15043
11 1.98371 0.761173
11 2.00678 0.51164
11 2.02985 0.404968
11 2.05291 0.437234
11 2.07598 0.568997
11 2.09905 0.721461
11 2.12211 0.896959
11 2.14518 0.98719
11 2.16824 0.971583
11 2.19131 0.870342
11 2.21438 0.742277
11 2.23744 0.601737
11 2.26051 0.520869
11 2.28358 0.548006
