63 0 0
63 0.0230664 0
63 0.0461329 0
63 0.0691993 0
63 0.0922657 0
63 0.115332 0
63 0.138399 0
63 0.161465 0
63 0.184531 0
63 0.207598 0
63 0.230664 0
63 0.253731 0
63 0.276797 0
63 0.299864 0
63 0.32293 0
63 0.345996 0
63 0.369063 0
63 0.392129 0
63 0.415196 0
63 0.438262 0
63 0.461329 0
63 0.484395 0
63 0.507461 0
63 0.530528 0
63 0.553594 0
63 0.576661 0
63 0.599727 0
63 0.622794 0
63 0.64586 0
63 0.668926 0
63 0.691993 0
63 0.715059 0
63 0.738126 0
63 0.761192 0
63 0.784259 0
63 0.807325 0
63 0.830391 0
63 0.853458 0
63 0.876524 0
63 0.899591 0.00126758
63 0.922657 0.0513669
63 0.945724 0.265641
63 0.96879 0.96298
63 0.991856 2.09005
63 1.01492 3.23542
63 1.03799 4.16183
63 1.06106 4.49617
63 1.08412 4.12278
63 1.10719 3.45285
63 1.13026 2.48789
63 1.15332 1.70631
63 1.17639 1.01768
63 1.19945 0.593329
63 1.22252 0.327798
63 1.24559 0.176443
63 1.26865 0.0909573
63 1.29172 0.0435384
63 1.31479 0.0302165
63 1.33785 0.0614341
63 1.36092 0.113566
63 1.38399 0.183734
63 1.40705 0.284924
63 1.43012 0.429257
63 1.45319 0.55746
63 1.47625 0.758285
63 1.49932 0.852778
63 1.52238 0.924605
63 1.54545 0.913783
63 1.56852 0.746937
63 1.59158 0.602774
63 1.61465 0.422303
63 1.63772 0.298443
63 1.66078 0.213193
63 1.68385 0.202891
63 1.70692 0.2602
63 1.72998 0.415824
63 1.75305 0.694301
63 1.77612 1.12453
63 1.79918 1.64304
63 1.82225 2.10576
63 1.84531 2.46472
63 1.86838 2.59508
63 1.89145 2.44795
63 1.91451 2.1047
63 1.93758 1.58356
63 1.96065 1.15043
63 1.98371 0.768142
63 2.00678 0.513888
63 2.02985 0.411965
63 2.05291 0.439386
63 2.07598 0.571038
63 2.09905 0.704292
63 2.12211 0.88773
63 2.14518 0.981564
63 2.16824 0.979496
63 2.19131 0.873213
63 2.21438 0.762303
63 2.23744 0.640217
63 2.26051 0.544106
63 2.28358 0.538894
