17 0 0
17 0.0230664 0
17 0.0461329 0
17 0.0691993 0
17 0.0922657 0
17 0.115332 0
17 0.138399 0
17 0.161465 0
17 0.184531 0
17 0.207598 0
17 0.230664 0
17 0.253731 0
17 0.276797 0
17 0.299864 0
17 0.32293 0
17 0.345996 0
17 0.369063 0
17 0.392129 0
17 0.415196 0
17 0.438262 0
17 0.461329 0
17 0.484395 0
17 0.507461 0
17 0.530528 0
17 0.553594 0
17 0.576661 0
17 0.599727 0
17 0.622794 0
17 0.64586 0
17 0.668926 0
17 0.691993 0
17 0.715059 0
17 0.738126 0
17 0.761192 0
17 0.784259 0
17 0.807325 0
17 0.830391 0
17 0.853458 0
17 0.876524 0
17 0.899591 0.00285206
17 0.922657 0.0444173
17 0.945724 0.226992
17 0.96879 0.797063
17 0.991856 1.95006
17 1.01492 3.24854
17 1.03799 4.32994
17 1.06106 4.66485
17 1.08412 4.28806
17 1.10719 3.4338
17 1.13026 2.56691
17 1.15332 1.68334
17 1.17639 1.00738
17 1.19945 0.588184
17 1.22252 0.277831
17 1.24559 0.123442
17 1.26865 0.0468818
17 1.29172 0.0266334
17 1.31479 0.0229707
17 1.33785 0.0359359
17 1.36092 0.0721511
17 1.38399 0.154672
17 1.40705 0.249325
17 1.43012 0.415482
17 1.45319 0.578833
17 1.47625 0.776304
17 1.49932 0.91399
17 1.52238 0.988928
17 1.54545 0.92915
17 1.56852 0.789763
17 1.59158 0.633307
17 1.61465 0.412854
17 1.63772 0.271367
17 1.66078 0.169433
17 1.68385 0.135771
17 1.70692 0.194544
17 1.72998 0.35385
17 1.75305 0.644436
17 1.77612 1.08282
17 1.79918 1.5984
17 1.82225 2.17676
17 1.84531 2.5753
17 1.86838 2.73974
17 1.89145 2.56124
17 1.91451 2.16757
17 1.93758 1.62558
17 1.96065 1.11878
17 1.98371 0.704937
17 2.00678 0.439891
17 2.02985 0.34326
17 2.05291 0.405356
17 2.07598 0.523451
17 2.09905 0.70604
17 2.12211 0.895003
17 2.14518 1.00664
17 2.16824 1.03816
17 2.19131 0.919202
17 2.21438 0.74779
17 2.23744 0.594184
17 2.26051 0.50455
17 2.28358 0.493386
