74 0 0
74 0.0230664 0
74 0.0461329 0
74 0.0691993 0
74 0.0922657 0
74 0.115332 0
74 0.138399 0
74 0.161465 0
74 0.184531 0
74 0.207598 0
74 0.230664 0
74 0.253731 0
74 0.276797 0
74 0.299864 0
74 0.32293 0
74 0.345996 0
74 0.369063 0
74 0.392129 0
74 0.415196 0
74 0.438262 0
74 0.461329 0
74 0.484395 0
74 0.507461 0
74 0.530528 0
74 0.553594 0
74 0.576661 0
74 0.599727 0
74 0.622794 0
74 0.64586 0
74 0.668926 0
74 0.691993 0
74 0.715059 0
74 0.738126 0
74 0.761192 0
74 0.784259 0
74 0.807325 0
74 0.830391 0
74 0.853458 0
74 0.876524 0
74 0.899591 0.00348585
74 0.922657 0.0474389
74 0.945724 0.284965
74 0.96879 0.940104
74 0.991856 2.08477
74 1.01492 3.37702
74 1.03799 4.17876
74 1.06106 4.49501
74 1.08412 4.13013
74 1.10719 3.333
74 1.13026 2.40887
74 1.15332 1.64413
74 1.17639 1.08956
74 1.19945 0.623096
74 1.22252 0.339138
74 1.24559 0.169604
74 1.26865 0.0919478
74 1.29172 0.0617193
74 1.31479 0.0470206
74 1.33785 0.0571098
74 1.36092 0.100001
74 1.38399 0.176329
74 1.40705 0.260153
74 1.43012 0.434899
74 1.45319 0.584812
74 1.47625 0.743968
74 1.49932 0.867632
74 1.52238 0.87738
74 1.54545 0.901918
74 1.56852 0.776256
74 1.59158 0.62071
74 1.61465 0.439851
74 1.63772 0.297938
74 1.66078 0.209751
74 1.68385 0.189678
74 1.70692 0.250967
74 1.72998 0.433725
74 1.75305 0.740358
74 1.77612 1.15113
74 1.79918 1.64616
74 1.82225 2.11102
74 1.84531 2.44491
74 1.86838 2.54005
74 1.89145 2.41073
74 1.91451 2.06274
74 1.93758 1.61136
74 1.96065 1.14402
74 1.98371 0.779709
74 2.00678 0.534534
74 2.02985 0.430157
74 2.05291 0.457704
74 2.07598 0.575695
74 2.09905 0.71347
74 2.12211 0.863467
74 2.14518 0.969176
74 2.16824 0.986705
74 2.19131 0.873098
74 2.21438 0.748071
74 2.23744 0.623292
74 2.26051 0.558912
74 2.28358 0.550973
