71 0 0
71 0.0230664 0
71 0.0461329 0
71 0.0691993 0
71 0.0922657 0
71 0.115332 0
71 0.138399 0
71 0.161465 0
71 0.184531 0
71 0.207598 0
71 0.230664 0
71 0.253731 0
71 0.276797 0
71 0.299864 0
71 0.32293 0
71 0.345996 0
71 0.369063 0
71 0.392129 0
71 0.415196 0
71 0.438262 0
71 0.461329 0
71 0.484395 0
71 0.507461 0
71 0.530528 0
71 0.553594 0
71 0.576661 0
71 0.599727 0
71 0.622794 0
71 0.64586 0
71 0.668926 0
71 0.691993 0
71 0.715059 0
71 0.738126 0
71 0.761192 0
71 0.784259 0
71 0.807325 0
71 0.830391 0
71 0.853458 0
71 0.876524 0
71 0.899591 0.00063379
71 0.922657 0.047741
71 0.945724 0.295349
71 0.96879 0.953334
71 0.991856 2.06817
71 1.01492 3.29398
71 1.03799 4.24625
71 1.06106 4.43979
71 1.08412 4.10474
71 1.10719 3.31246
71 1.13026 2.51834
71 1.15332 1.71561
71 1.17639 1.07393
71 1.19945 0.607661
71 1.22252 0.316104
71 1.24559 0.176101
71 1.26865 0.0759353
71 1.29172 0.0515125
71 1.31479 0.0383873
71 1.33785 0.0602412
71 1.36092 0.101156
71 1.38399 0.183315
71 1.40705 0.293451
71 1.43012 0.42847
71 1.45319 0.594607
71 1.47625 0.759149
71 1.49932 0.835888
71 1.52238 0.911694
71 1.54545 0.874009
71 1.56852 0.75649
71 1.59158 0.591777
71 1.61465 0.444835
71 1.63772 0.298746
71 1.66078 0.220076
71 1.68385 0.171486
71 1.70692 0.257216
71 1.72998 0.408827
71 1.75305 0.725035
71 1.77612 1.15164
71 1.79918 1.6208
71 1.82225 2.13452
71 1.84531 2.47297
71 1.86838 2.56471
71 1.89145 2.44428
71 1.91451 2.07558
71 1.93758 1.61799
71 1.96065 1.14573
71 1.98371 0.765354
71 2.00678 0.509527
71 2.02985 0.420495
71 2.05291 0.461485
71 2.07598 0.563575
71 2.09905 0.727017
71 2.12211 0.860839
71 2.14518 0.97163
71 2.16824 0.970528
71 2.19131 0.888198
71 2.21438 0.745146
71 2.23744 0.644848
71 2.26051 0.55621
71 2.28358 0.562893
