31 0 0
31 0.0230664 0
31 0.0461329 0
31 0.0691993 0
31 0.0922657 0
31 0.115332 0
31 0.138399 0
31 0.161465 0
31 0.184531 0
31 0.207598 0
31 0.230664 0
31 0.253731 0
31 0.276797 0
31 0.299864 0
31 0.32293 0
31 0.345996 0
31 0.369063 0
31 0.392129 0
31 0.415196 0
31 0.438262 0
31 0.461329 0
31 0.484395 0
31 0.507461 0
31 0.530528 0
31 0.553594 0
31 0.576661 0
31 0.599727 0
31 0.622794 0
31 0.64586 0
31 0.668926 0
31 0.691993 0
31 0.715059 0
31 0.738126 0
31 0.761192 0
31 0.784259 0
31 0.807325 0
31 0.830391 0
31 0.853458 0
31 0.876524 0
31 0.899591 0.00538722
31 0.922657 0.0462302
31 0.945724 0.271986
31 0.96879 0.931836
31 0.991856 2.06131
31 1.01492 3.35026
31 1.03799 4.26076
31 1.06106 4.48271
31 1.08412 4.10274
31 1.10719 3.25917
31 1.13026 2.48295
31 1.15332 1.69205
31 1.17639 1.04285
31 1.19945 0.648454
31 1.22252 0.330102
31 1.24559 0.184137
31 1.26865 0.0914525
31 1.29172 0.0510341
31 1.31479 0.0474831
31 1.33785 0.0624778
31 1.36092 0.102599
31 1.38399 0.180241
31 1.40705 0.283029
31 1.43012 0.436473
31 1.45319 0.578578
31 1.47625 0.751126
31 1.49932 0.858528
31 1.52238 0.889826
31 1.54545 0.863839
31 1.56852 0.76242
31 1.59158 0.600639
31 1.61465 0.454181
31 1.63772 0.303192
31 1.66078 0.203753
31 1.68385 0.177901
31 1.70692 0.245745
31 1.72998 0.444266
31 1.75305 0.736992
31 1.77612 1.157
31 1.79918 1.65222
31 1.82225 2.10864
31 1.84531 2.46953
31 1.86838 2.56565
31 1.89145 2.40171
31 1.91451 2.04938
31 1.93758 1.60676
31 1.96065 1.1515
31 1.98371 0.759291
31 2.00678 0.539371
31 2.02985 0.43169
31 2.05291 0.448773
31 2.07598 0.568869
31 2.09905 0.731637
31 2.12211 0.860655
31 2.14518 0.977555
31 2.16824 0.985943
31 2.19131 0.884753
31 2.21438 0.734907
31 2.23744 0.640934
31 2.26051 0.543025
31 2.28358 0.556377
