13 0 0
13 0.0230664 0
13 0.0461329 0
13 0.0691993 0
13 0.0922657 0
13 0.115332 0
13 0.138399 0
13 0.161465 0
13 0.184531 0
13 0.207598 0
13 0.230664 0
13 0.253731 0
13 0.276797 0
13 0.299864 0
13 0.32293 0
13 0.345996 0
13 0.369063 0
13 0.392129 0
13 0.415196 0
13 0.438262 0
13 0.461329 0
13 0.484395 0
13 0.507461 0
13 0.530528 0
13 0.553594 0
13 0.576661 0
13 0.599727 0
13 0.622794 0
13 0.64586 0
13 0.668926 0
13 0.691993 0
13 0.715059 0
13 0.738126 0
13 0.761192 0
13 0.784259 0
13 0.807325 0
13 0.830391 0
13 0.853458 0
13 0.876524 0
13 0.899591 0.00507032
13 0.922657 0.0383741
13 0.945724 0.261026
13 0.96879 0.86376
13 0.991856 2.00595
13 1.01492 3.33411
13 1.03799 4.27745
13 1.06106 4.51728
13 1.08412 4.19673
13 1.10719 3.37709
13 1.13026 2.49488
13 1.15332 1.72037
13 1.17639 1.04246
13 1.19945 0.567053
13 1.22252 0.331696
13 1.24559 0.154217
13 1.26865 0.0653704
13 1.29172 0.0462496
13 1.31479 0.044554
13 1.33785 0.0593465
13 1.36092 0.0961052
13 1.38399 0.157466
13 1.40705 0.255281
13 1.43012 0.411547
13 1.45319 0.591936
13 1.47625 0.763098
13 1.49932 0.89159
13 1.52238 0.941355
13 1.54545 0.886099
13 1.56852 0.755063
13 1.59158 0.612275
13 1.61465 0.433517
13 1.63772 0.28834
13 1.66078 0.203064
13 1.68385 0.174837
13 1.70692 0.236978
13 1.72998 0.390016
13 1.75305 0.688544
13 1.77612 1.12695
13 1.79918 1.63639
13 1.82225 2.13797
13 1.84531 2.48789
13 1.86838 2.63391
13 1.89145 2.46897
13 1.91451 2.09485
13 1.93758 1.62077
13 1.96065 1.13062
13 1.98371 0.74633
13 2.00678 0.497808
13 2.02985 0.411765
13 2.05291 0.428434
13 2.07598 0.561342
13 2.09905 0.732636
13 2.12211 0.86475
13 2.14518 0.986412
13 2.16824 1.00083
13 2.19131 0.889059
13 2.21438 0.753303
13 2.23744 0.61596
13 2.26051 0.535406
13 2.28358 0.525861
