58 0 0
58 0.0230664 0
58 0.0461329 0
58 0.0691993 0
58 0.0922657 0
58 0.115332 0
58 0.138399 0
58 0.161465 0
58 0.184531 0
58 0.207598 0
58 0.230664 0
58 0.253731 0
58 0.276797 0
58 0.299864 0
58 0.32293 0
58 0.345996 0
58 0.369063 0
58 0.392129 0
58 0.415196 0
58 0.438262 0
58 0.461329 0
58 0.484395 0
58 0.507461 0
58 0.530528 0
58 0.553594 0
58 0.576661 0
58 0.599727 0
58 0.622794 0
58 0.64586 0
58 0.668926 0
58 0.691993 0
58 0.715059 0
58 0.738126 0
58 0.761192 0
58 0.784259 0
58 0.807325 0
58 0.830391 0
58 0.853458 0
58 0.876524 0
58 0.899591 0.00063379
58 0.922657 0.0429065
58 0.945724 0.285542
58 0.96879 0.980068
58 0.991856 2.01887
58 1.01492 3.28211
58 1.03799 4.24673
58 1.06106 4.48387
58 1.08412 4.0838
58 1.10719 3.40085
58 1.13026 2.49303
58 1.15332 1.69938
58 1.17639 1.0377
58 1.19945 0.598658
58 1.22252 0.316281
58 1.24559 0.187898
58 1.26865 0.0916176
58 1.29172 0.0416247
58 1.31479 0.0403915
58 1.33785 0.0527856
58 1.36092 0.106206
58 1.38399 0.186109
58 1.40705 0.300354
58 1.43012 0.411022
58 1.45319 0.590918
58 1.47625 0.745079
58 1.49932 0.855174
58 1.52238 0.92728
58 1.54545 0.898529
58 1.56852 0.734528
58 1.59158 0.606297
58 1.61465 0.420226
58 1.63772 0.300868
58 1.66078 0.209948
58 1.68385 0.180678
58 1.70692 0.236419
58 1.72998 0.422185
58 1.75305 0.720873
58 1.77612 1.16451
58 1.79918 1.63799
58 1.82225 2.14652
58 1.84531 2.45453
58 1.86838 2.54952
58 1.89145 2.43565
58 1.91451 2.0493
58 1.93758 1.6096
58 1.96065 1.16419
58 1.98371 0.800197
58 2.00678 0.525199
58 2.02985 0.419028
58 2.05291 0.451837
58 2.07598 0.566573
58 2.09905 0.706415
58 2.12211 0.880824
58 2.14518 0.97558
58 2.16824 0.979965
58 2.19131 0.866151
58 2.21438 0.74267
58 2.23744 0.621804
58 2.26051 0.53935
58 2.28358 0.548536
