52 0 0
52 0.0230664 0
52 0.0461329 0
52 0.0691993 0
52 0.0922657 0
52 0.115332 0
52 0.138399 0
52 0.161465 0
52 0.184531 0
52 0.207598 0
52 0.230664 0
52 0.253731 0
52 0.276797 0
52 0.299864 0
52 0.32293 0
52 0.345996 0
52 0.369063 0
52 0.392129 0
52 0.415196 0
52 0.438262 0
52 0.461329 0
52 0.484395 0
52 0.507461 0
52 0.530528 0
52 0.553594 0
52 0.576661 0
52 0.599727 0
52 0.622794 0
52 0.64586 0
52 0.668926 0
52 0.691993 0
52 0.715059 0
52 0.738126 0
52 0.761192 0
52 0.784259 0
52 0.807325 0
52 0.830391 0
52 0.853458 0
52 0.876524 0.00099821
52 0.899591 0.00570411
52 0.922657 0.0350504
52 0.945724 0.235356
52 0.96879 0.88388
52 0.991856 1.95586
52 1.01492 3.28413
52 1.03799 4.25665
52 1.06106 4.54072
52 1.08412 4.29764
52 1.10719 3.44579
52 1.13026 2.52843
52 1.15332 1.68433
52 1.17639 1.052
52 1.19945 0.590573
52 1.22252 0.276768
52 1.24559 0.127716
52 1.26865 0.0652053
52 1.29172 0.0342885
52 1.31479 0.0282124
52 1.33785 0.0414531
52 1.36092 0.067822
52 1.38399 0.171718
52 1.40705 0.264891
52 1.43012 0.416138
52 1.45319 0.598424
52 1.47625 0.769392
52 1.49932 0.896501
52 1.52238 0.965432
52 1.54545 0.906438
52 1.56852 0.785261
52 1.59158 0.59893
52 1.61465 0.431856
52 1.63772 0.271569
52 1.66078 0.186544
52 1.68385 0.150996
52 1.70692 0.204896
52 1.72998 0.350851
52 1.75305 0.666933
52 1.77612 1.10449
52 1.79918 1.66098
52 1.82225 2.12565
52 1.84531 2.55276
52 1.86838 2.68002
52 1.89145 2.5302
52 1.91451 2.14338
52 1.93758 1.6471
52 1.96065 1.11329
52 1.98371 0.729466
52 2.00678 0.473347
52 2.02985 0.360119
52 2.05291 0.405682
52 2.07598 0.535954
52 2.09905 0.713719
52 2.12211 0.895737
52 2.14518 0.990242
52 2.16824 0.992155
52 2.19131 0.910934
52 2.21438 0.764722
52 2.23744 0.609289
52 2.26051 0.517627
52 2.28358 0.502498
