54 0 0
54 0.0230664 0
54 0.0461329 0
54 0.0691993 0
54 0.0922657 0
54 0.115332 0
54 0.138399 0
54 0.161465 0
54 0.184531 0
54 0.207598 0
54 0.230664 0
54 0.253731 0
54 0.276797 0
54 0.299864 0
54 0.32293 0
54 0.345996 0
54 0.369063 0
54 0.392129 0
54 0.415196 0
54 0.438262 0
54 0.461329 0
54 0.484395 0
54 0.507461 0
54 0.530528 0
54 0.553594 0
54 0.576661 0
54 0.599727 0
54 0.622794 0
54 0.64586 0
54 0.668926 0
54 0.691993 0
54 0.715059 0
54 0.738126 0
54 0.761192 0
54 0.784259 0
54 0.807325 0
54 0.830391 0
54 0.853458 0
54 0.876524 0
54 0.899591 0.00316895
54 0.922657 0.0395828
54 0.945724 0.281793
54 0.96879 0.95609
54 0.991856 2.09374
54 1.01492 3.32452
54 1.03799 4.17852
54 1.06106 4.51357
54 1.08412 4.1034
54 1.10719 3.28763
54 1.13026 2.55374
54 1.15332 1.66076
54 1.17639 1.04494
54 1.19945 0.609683
54 1.22252 0.34658
54 1.24559 0.168749
54 1.26865 0.0904621
54 1.29172 0.0497582
54 1.31479 0.0524164
54 1.33785 0.0590483
54 1.36092 0.0936521
54 1.38399 0.177167
54 1.40705 0.269628
54 1.43012 0.423091
54 1.45319 0.575271
54 1.47625 0.739772
54 1.49932 0.862601
54 1.52238 0.925885
54 1.54545 0.870054
54 1.56852 0.782186
54 1.59158 0.614197
54 1.61465 0.456673
54 1.63772 0.300969
54 1.66078 0.200901
54 1.68385 0.177901
54 1.70692 0.239962
54 1.72998 0.410553
54 1.75305 0.717773
54 1.77612 1.14128
54 1.79918 1.62224
54 1.82225 2.12507
54 1.84531 2.47065
54 1.86838 2.59759
54 1.89145 2.43932
54 1.91451 2.04803
54 1.93758 1.62339
54 1.96065 1.16583
54 1.98371 0.76619
54 2.00678 0.515864
54 2.02985 0.429558
54 2.05291 0.457444
54 2.07598 0.584434
54 2.09905 0.705853
54 2.12211 0.84831
54 2.14518 0.97564
54 2.16824 0.972052
54 2.19131 0.868563
54 2.21438 0.747902
54 2.23744 0.628805
54 2.26051 0.533514
54 2.28358 0.547106
