76 0 0
76 0.0230664 0
76 0.0461329 0
76 0.0691993 0
76 0.0922657 0
76 0.115332 0
76 0.138399 0
76 0.161465 0
76 0.184531 0
76 0.207598 0
76 0.230664 0
76 0.253731 0
76 0.276797 0
76 0.299864 0
76 0.32293 0
76 0.345996 0
76 0.369063 0
76 0.392129 0
76 0.415196 0
76 0.438262 0
76 0.461329 0
76 0.484395 0
76 0.507461 0
76 0.530528 0
76 0.553594 0
76 0.576661 0
76 0.599727 0
76 0.622794 0
76 0.64586 0
76 0.668926 0
76 0.691993 0
76 0.715059 0
76 0.738126 0
76 0.761192 0
76 0.784259 0
76 0.807325 0
76 0.830391 0
76 0.853458 0
76 0.876524 0
76 0.899591 0.00190137
76 0.922657 0.0377698
76 0.945724 0.257565
76 0.96879 0.892424
76 0.991856 1.99066
76 1.01492 3.30205
76 1.03799 4.24867
76 1.06106 4.55116
76 1.08412 4.26512
76 1.10719 3.3833
76 1.13026 2.49777
76 1.15332 1.65918
76 1.17639 1.03198
76 1.19945 0.592226
76 1.22252 0.301397
76 1.24559 0.160372
76 1.26865 0.0812178
76 1.29172 0.0406678
76 1.31479 0.0332998
76 1.33785 0.0530838
76 1.36092 0.0886015
76 1.38399 0.160261
76 1.40705 0.283299
76 1.43012 0.449723
76 1.45319 0.593081
76 1.47625 0.787288
76 1.49932 0.881288
76 1.52238 0.919022
76 1.54545 0.853105
76 1.56852 0.751988
76 1.59158 0.588361
76 1.61465 0.434867
76 1.63772 0.302585
76 1.66078 0.201491
76 1.68385 0.168996
76 1.70692 0.226533
76 1.72998 0.397286
76 1.75305 0.67207
76 1.77612 1.12712
76 1.79918 1.66469
76 1.82225 2.15581
76 1.84531 2.5251
76 1.86838 2.62052
76 1.89145 2.47081
76 1.91451 2.13307
76 1.93758 1.57948
76 1.96065 1.14038
76 1.98371 0.741731
76 2.00678 0.492766
76 2.02985 0.371315
76 2.05291 0.422045
76 2.07598 0.53538
76 2.09905 0.743062
76 2.12211 0.885225
76 2.14518 1.00724
76 2.16824 0.994676
76 2.19131 0.896179
76 2.21438 0.742502
76 2.23744 0.620426
76 2.26051 0.53654
76 2.28358 0.538841
