75 0 0
75 0.0230664 0
75 0.0461329 0
75 0.0691993 0
75 0.0922657 0
75 0.115332 0
75 0.138399 0
75 0.161465 0
75 0.184531 0
75 0.207598 0
75 0.230664 0
75 0.253731 0
75 0.276797 0
75 0.299864 0
75 0.32293 0
75 0.345996 0
75 0.369063 0
75 0.392129 0
75 0.415196 0
75 0.438262 0
75 0.461329 0
75 0.484395 0
75 0.507461 0
75 0.530528 0
75 0.553594 0
75 0.576661 0
75 0.599727 0
75 0.622794 0
75 0.64586 0
75 0.668926 0
75 0.691993 0
75 0.715059 0
75 0.738126 0
75 0.761192 0
75 0.784259 0
75 0.807325 0
75 0.830391 0
75 0.853458 0
75 0.876524 0
75 0.899591 0.00253516
75 0.922657 0.0329353
75 0.945724 0.248624
75 0.96879 0.910614
75 0.991856 2.0186
75 1.01492 3.27353
75 1.03799 4.26487
75 1.06106 4.51589
75 1.08412 4.23482
75 1.10719 3.39207
75 1.13026 2.51032
75 1.15332 1.70373
75 1.17639 1.05791
75 1.19945 0.589103
75 1.22252 0.31699
75 1.24559 0.14071
75 1.26865 0.0615736
75 1.29172 0.0395514
75 1.31479 0.0258999
75 1.33785 0.0490578
75 1.36092 0.0826851
75 1.38399 0.154672
75 1.40705 0.267463
75 1.43012 0.434243
75 1.45319 0.592063
75 1.47625 0.756187
75 1.49932 0.869309
75 1.52238 0.937051
75 1.54545 0.921127
75 1.56852 0.790422
75 1.59158 0.588574
75 1.61465 0.443278
75 1.63772 0.281975
75 1.66078 0.191559
75 1.68385 0.170624
75 1.70692 0.211424
75 1.72998 0.384837
75 1.75305 0.682167
75 1.77612 1.12297
75 1.79918 1.66199
75 1.82225 2.16271
75 1.84531 2.47875
75 1.86838 2.64683
75 1.89145 2.46661
75 1.91451 2.10597
75 1.93758 1.63944
75 1.96065 1.13304
75 1.98371 0.740267
75 2.00678 0.49113
75 2.02985 0.39104
75 2.05291 0.412658
75 2.07598 0.531744
75 2.09905 0.72452
75 2.12211 0.889869
75 2.14518 1.00903
75 2.16824 1.01343
75 2.19131 0.891011
75 2.21438 0.73457
75 2.23744 0.618165
75 2.26051 0.520978
75 2.28358 0.519769
