14 0 0
14 0.0230664 0
14 0.0461329 0
14 0.0691993 0
14 0.0922657 0
14 0.115332 0
14 0.138399 0
14 0.161465 0
14 0.184531 0
14 0.207598 0
14 0.230664 0
14 0.253731 0
14 0.276797 0
14 0.299864 0
14 0.32293 0
14 0.345996 0
14 0.369063 0
14 0.392129 0
14 0.415196 0
14 0.438262 0
14 0.461329 0
14 0.484395 0
14 0.507461 0
14 0.530528 0
14 0.553594 0
14 0.576661 0
14 0.599727 0
14 0.622794 0
14 0.64586 0
14 0.668926 0
14 0.691993 0
14 0.715059 0
14 0.738126 0
14 0.761192 0
14 0.784259 0
14 0.807325 0
14 0.830391 0
14 0.853458 0
14 0.876524 0
14 0.899591 0.00126758
14 0.922657 0.0549928
14 0.945724 0.281216
14 0.96879 0.999912
14 0.991856 2.14567
14 1.01492 3.35456
14 1.03799 4.18602
14 1.06106 4.37018
14 1.08412 4.02344
14 1.10719 3.2947
14 1.13026 2.45146
14 1.15332 1.67977
14 1.17639 1.08708
14 1.19945 0.632284
14 1.22252 0.362173
14 1.24559 0.186701
14 1.26865 0.108951
14 1.29172 0.0671417
14 1.31479 0.0571956
14 1.33785 0.076047
14 1.36092 0.108082
14 1.38399 0.196868
14 1.40705 0.307934
14 1.43012 0.436604
14 1.45319 0.583412
14 1.47625 0.71731
14 1.49932 0.827862
14 1.52238 0.874821
14 1.54545 0.830054
14 1.56852 0.731014
14 1.59158 0.60256
14 1.61465 0.466122
14 1.63772 0.323095
14 1.66078 0.241809
14 1.68385 0.221275
14 1.70692 0.287806
14 1.72998 0.468983
14 1.75305 0.771977
14 1.77612 1.1595
14 1.79918 1.63639
14 1.82225 2.08892
14 1.84531 2.3741
14 1.86838 2.51531
14 1.89145 2.34553
14 1.91451 2.01854
14 1.93758 1.59611
14 1.96065 1.15293
14 1.98371 0.799779
14 2.00678 0.577392
14 2.02985 0.472673
14 2.05291 0.496037
14 2.07598 0.592854
14 2.09905 0.73838
14 2.12211 0.859311
14 2.14518 0.934108
14 2.16824 0.961795
14 2.19131 0.842037
14 2.21438 0.732207
14 2.23744 0.644186
14 2.26051 0.595225
14 2.28358 0.619368
