48 0 0
48 0.0230664 0
48 0.0461329 0
48 0.0691993 0
48 0.0922657 0
48 0.115332 0
48 0.138399 0
48 0.161465 0
48 0.184531 0
48 0.207598 0
48 0.230664 0
48 0.253731 0
48 0.276797 0
48 0.299864 0
48 0.32293 0
48 0.345996 0
48 0.369063 0
48 0.392129 0
48 0.415196 0
48 0.438262 0
48 0.461329 0
48 0.484395 0
48 0.507461 0
48 0.530528 0
48 0.553594 0
48 0.576661 0
48 0.599727 0
48 0.622794 0
48 0.64586 0
48 0.668926 0
48 0.691993 0
48 0.715059 0
48 0.738126 0
48 0.761192 0
48 0.784259 0
48 0.807325 0
48 0.830391 0
48 0.853458 0
48 0.876524 0.00099821
48 0.899591 0.00158448
48 0.922657 0.0468346
48 0.945724 0.260737
48 0.96879 0.891597
48 0.991856 2.07159
48 1.01492 3.31417
48 1.03799 4.24189
48 1.06106 4.4667
48 1.08412 4.13771
48 1.10719 3.3726
48 1.13026 2.53192
48 1.15332 1.73145
48 1.17639 1.0356
48 1.19945 0.576791
48 1.22252 0.323014
48 1.24559 0.170801
48 1.26865 0.0802273
48 1.29172 0.0397109
48 1.31479 0.0323748
48 1.33785 0.0575571
48 1.36092 0.0998571
48 1.38399 0.173953
48 1.40705 0.302249
48 1.43012 0.419812
48 1.45319 0.587483
48 1.47625 0.74224
48 1.49932 0.870627
48 1.52238 0.909949
48 1.54545 0.878755
48 1.56852 0.774719
48 1.59158 0.59893
48 1.61465 0.441928
48 1.63772 0.287936
48 1.66078 0.199426
48 1.68385 0.182976
48 1.70692 0.25162
48 1.72998 0.399194
48 1.75305 0.704753
48 1.77612 1.11589
48 1.79918 1.66224
48 1.82225 2.12779
48 1.84531 2.47763
48 1.86838 2.65137
48 1.89145 2.39024
48 1.91451 2.09634
48 1.93758 1.62397
48 1.96065 1.12384
48 1.98371 0.778664
48 2.00678 0.519271
48 2.02985 0.410032
48 2.05291 0.418199
48 2.07598 0.55171
48 2.09905 0.709224
48 2.12211 0.880335
48 2.14518 0.980487
48 2.16824 1.01079
48 2.19131 0.894571
48 2.21438 0.756284
48 2.23744 0.63068
48 2.26051 0.556426
48 2.28358 0.553039
