45 0 0
45 0.0230664 0
45 0.0461329 0
45 0.0691993 0
45 0.0922657 0
45 0.115332 0
45 0.138399 0
45 0.161465 0
45 0.184531 0
45 0.207598 0
45 0.230664 0
45 0.253731 0
45 0.276797 0
45 0.299864 0
45 0.32293 0
45 0.345996 0
45 0.369063 0
45 0.392129 0
45 0.415196 0
45 0.438262 0
45 0.461329 0
45 0.484395 0
45 0.507461 0
45 0.530528 0
45 0.553594 0
45 0.576661 0
45 0.599727 0
45 0.622794 0
45 0.64586 0
45 0.668926 0
45 0.691993 0
45 0.715059 0
45 0.738126 0
45 0.761192 0
45 0.784259 0
45 0.807325 0
45 0.830391 0
45 0.853458 0
45 0.876524 0
45 0.899591 0.00126758
45 0.922657 0.0492518
45 0.945724 0.259007
45 0.96879 0.867343
45 0.991856 2.03495
45 1.01492 3.42094
45 1.03799 4.2835
45 1.06106 4.56787
45 1.08412 4.09316
45 1.10719 3.26752
45 1.13026 2.45188
45 1.15332 1.65264
45 1.17639 1.06211
45 1.19945 0.616481
45 1.22252 0.329216
45 1.24559 0.178665
45 1.26865 0.0982207
45 1.29172 0.0593271
45 1.31479 0.0514914
45 1.33785 0.0650127
45 1.36092 0.109237
45 1.38399 0.181498
45 1.40705 0.28736
45 1.43012 0.412465
45 1.45319 0.578324
45 1.47625 0.724591
45 1.49932 0.880929
45 1.52238 0.899015
45 1.54545 0.867342
45 1.56852 0.748803
45 1.59158 0.62135
45 1.61465 0.440578
45 1.63772 0.301676
45 1.66078 0.209161
45 1.68385 0.193891
45 1.70692 0.250967
45 1.72998 0.419549
45 1.75305 0.739029
45 1.77612 1.15458
45 1.79918 1.67909
45 1.82225 2.07955
45 1.84531 2.44932
45 1.86838 2.55109
45 1.89145 2.43534
45 1.91451 2.06909
45 1.93758 1.58736
45 1.96065 1.14281
45 1.98371 0.754762
45 2.00678 0.543051
45 2.02985 0.444018
45 2.05291 0.466701
45 2.07598 0.564532
45 2.09905 0.736881
45 2.12211 0.87459
45 2.14518 0.962893
45 2.16824 0.964023
45 2.19131 0.869251
45 2.21438 0.75679
45 2.23744 0.6352
45 2.26051 0.560803
45 2.28358 0.573701
