61 0 0
61 0.0230664 0
61 0.0461329 0
61 0.0691993 0
61 0.0922657 0
61 0.115332 0
61 0.138399 0
61 0.161465 0
61 0.184531 0
61 0.207598 0
61 0.230664 0
61 0.253731 0
61 0.276797 0
61 0.299864 0
61 0.32293 0
61 0.345996 0
61 0.369063 0
61 0.392129 0
61 0.415196 0
61 0.438262 0
61 0.461329 0
61 0.484395 0
61 0.507461 0
61 0.530528 0
61 0.553594 0
61 0.576661 0
61 0.599727 0
61 0.622794 0
61 0.64586 0
61 0.668926 0
61 0.691993 0
61 0.715059 0
61 0.738126 0
61 0.761192 0
61 0.784259 0
61 0.807325 0
61 0.830391 0
61 0.853458 0
61 0.876524 0
61 0.899591 0.00063379
61 0.922657 0.0383741
61 0.945724 0.258718
61 0.96879 0.917229
61 0.991856 2.07713
61 1.01492 3.35607
61 1.03799 4.194
61 1.06106 4.55905
61 1.08412 4.09561
61 1.10719 3.41625
61 1.13026 2.42615
61 1.15332 1.67225
61 1.17639 1.06211
61 1.19945 0.58653
61 1.22252 0.335595
61 1.24559 0.165159
61 1.26865 0.0912875
61 1.29172 0.0480039
61 1.31479 0.0345332
61 1.33785 0.0541276
61 1.36092 0.0919205
61 1.38399 0.163334
61 1.40705 0.270034
61 1.43012 0.410891
61 1.45319 0.599187
61 1.47625 0.761
61 1.49932 0.885121
61 1.52238 0.95415
61 1.54545 0.888585
61 1.56852 0.757698
61 1.59158 0.600105
61 1.61465 0.421991
61 1.63772 0.306526
61 1.66078 0.196082
61 1.68385 0.169666
61 1.70692 0.239776
61 1.72998 0.403465
61 1.75305 0.722732
61 1.77612 1.13886
61 1.79918 1.6753
61 1.82225 2.11094
61 1.84531 2.44635
61 1.86838 2.626
61 1.89145 2.43358
61 1.91451 2.07655
61 1.93758 1.61734
61 1.96065 1.14266
61 1.98371 0.760476
61 2.00678 0.513275
61 2.02985 0.431757
61 2.05291 0.438408
61 2.07598 0.550689
61 2.09905 0.725332
61 2.12211 0.863039
61 2.14518 0.984078
61 2.16824 0.992273
61 2.19131 0.88171
61 2.21438 0.730519
61 2.23744 0.604879
61 2.26051 0.525733
61 2.28358 0.535291
