12 0 0
12 0.0230664 0
12 0.0461329 0
12 0.0691993 0
12 0.0922657 0
12 0.115332 0
12 0.138399 0
12 0.161465 0
12 0.184531 0
12 0.207598 0
12 0.230664 0
12 0.253731 0
12 0.276797 0
12 0.299864 0
12 0.32293 0
12 0.345996 0
12 0.369063 0
12 0.392129 0
12 0.415196 0
12 0.438262 0
12 0.461329 0
12 0.484395 0
12 0.507461 0
12 0.530528 0
12 0.553594 0
12 0.576661 0
12 0.599727 0
12 0.622794 0
12 0.64586 0
12 0.668926 0
12 0.691993 0
12 0.715059 0
12 0.738126 0
12 0.761192 0
12 0.784259 0
12 0.807325 0
12 0.830391 0
12 0.853458 0
12 0.876524 0
12 0.899591 0.00253516
12 0.922657 0.0450216
12 0.945724 0.24747
12 0.96879 0.924119
12 0.991856 2.03943
12 1.01492 3.32906
12 1.03799 4.16836
12 1.06106 4.5623
12 1.08412 4.18315
12 1.10719 3.36297
12 1.13026 2.50312
12 1.15332 1.68532
12 1.17639 1.05696
12 1.19945 0.595718
12 1.22252 0.326204
12 1.24559 0.157123
12 1.26865 0.0681767
12 1.29172 0.0397109
12 1.31479 0.0357665
12 1.33785 0.0650127
12 1.36092 0.0991356
12 1.38399 0.188764
12 1.40705 0.273689
12 1.43012 0.435161
12 1.45319 0.55428
12 1.47625 0.737921
12 1.49932 0.854934
12 1.52238 0.94182
12 1.54545 0.90011
12 1.56852 0.763957
12 1.59158 0.604589
12 1.61465 0.431233
12 1.63772 0.29915
12 1.66078 0.211128
12 1.68385 0.169092
12 1.70692 0.22588
12 1.72998 0.40192
12 1.75305 0.702184
12 1.77612 1.12945
12 1.79918 1.68532
12 1.82225 2.1434
12 1.84531 2.5093
12 1.86838 2.57997
12 1.89145 2.45071
12 1.91451 2.08014
12 1.93758 1.58998
12 1.96065 1.14965
12 1.98371 0.74863
12 2.00678 0.503531
12 2.02985 0.410699
12 2.05291 0.423479
12 2.07598 0.552922
12 2.09905 0.728953
12 2.12211 0.901054
12 2.14518 0.989523
12 2.16824 0.977913
12 2.19131 0.881653
12 2.21438 0.753021
12 2.23744 0.633271
12 2.26051 0.545132
12 2.28358 0.561887
