22 0 0
22 0.0230664 0
22 0.0461329 0
22 0.0691993 0
22 0.0922657 0
22 0.115332 0
22 0.138399 0
22 0.161465 0
22 0.184531 0
22 0.207598 0
22 0.230664 0
22 0.253731 0
22 0.276797 0
22 0.299864 0
22 0.32293 0
22 0.345996 0
22 0.369063 0
22 0.392129 0
22 0.415196 0
22 0.438262 0
22 0.461329 0
22 0.484395 0
22 0.507461 0
22 0.530528 0
22 0.553594 0
22 0.576661 0
22 0.599727 0
22 0.622794 0
22 0.64586 0
22 0.668926 0
22 0.691993 0
22 0.715059 0
22 0.738126 0
22 0.761192 0
22 0.784259 0
22 0.807325 0
22 0.830391 0
22 0.853458 0
22 0.876524 0
22 0.899591 0.00190137
22 0.922657 0.0338417
22 0.945724 0.243143
22 0.96879 0.887187
22 0.991856 2.01149
22 1.01492 3.2175
22 1.03799 4.25278
22 1.06106 4.63492
22 1.08412 4.19094
22 1.10719 3.44386
22 1.13026 2.56156
22 1.15332 1.73205
22 1.17639 0.989264
22 1.19945 0.54684
22 1.22252 0.292006
22 1.24559 0.153875
22 1.26865 0.0775861
22 1.29172 0.0338101
22 1.31479 0.0317582
22 1.33785 0.0438389
22 1.36092 0.0861484
22 1.38399 0.164871
22 1.40705 0.272877
22 1.43012 0.397509
22 1.45319 0.59359
22 1.47625 0.78482
22 1.49932 0.90309
22 1.52238 0.941704
22 1.54545 0.898642
22 1.56852 0.767361
22 1.59158 0.599891
22 1.61465 0.418253
22 1.63772 0.300666
22 1.66078 0.188412
22 1.68385 0.166603
22 1.70692 0.218606
22 1.72998 0.382565
22 1.75305 0.642842
22 1.77612 1.07703
22 1.79918 1.64801
22 1.82225 2.18341
22 1.84531 2.53801
22 1.86838 2.65716
22 1.89145 2.52883
22 1.91451 2.14957
22 1.93758 1.61012
22 1.96065 1.12769
22 1.98371 0.700965
22 2.00678 0.468509
22 2.02985 0.368582
22 2.05291 0.409137
22 2.07598 0.541504
22 2.09905 0.714469
22 2.12211 0.909794
22 2.14518 0.995328
22 2.16824 1.0183
22 2.19131 0.916216
22 2.21438 0.754934
22 2.23744 0.60532
22 2.26051 0.512331
22 2.28358 0.526232
