26 0 0
26 0.0230664 0
26 0.0461329 0
26 0.0691993 0
26 0.0922657 0
26 0.115332 0
26 0.138399 0
26 0.161465 0
26 0.184531 0
26 0.207598 0
26 0.230664 0
26 0.253731 0
26 0.276797 0
26 0.299864 0
26 0.32293 0
26 0.345996 0
26 0.369063 0
26 0.392129 0
26 0.415196 0
26 0.438262 0
26 0.461329 0
26 0.484395 0
26 0.507461 0
26 0.530528 0
26 0.553594 0
26 0.576661 0
26 0.599727 0
26 0.622794 0
26 0.64586 0
26 0.668926 0
26 0.691993 0
26 0.715059 0
26 0.738126 0
26 0.761192 0
26 0.784259 0
26 0.807325 0
26 0.830391 0
26 0.853458 0
26 0.876524 0.000332737
26 0.899591 0.00316895
26 0.922657 0.0410935
26 0.945724 0.240548
26 0.96879 0.908685
26 0.991856 1.97774
26 1.01492 3.24248
26 1.03799 4.28568
26 1.06106 4.57251
26 1.08412 4.22279
26 1.10719 3.47147
26 1.13026 2.46649
26 1.15332 1.67284
26 1.17639 1.01348
26 1.19945 0.595901
26 1.22252 0.325318
26 1.24559 0.147207
26 1.26865 0.0711481
26 1.29172 0.0444953
26 1.31479 0.0331457
26 1.33785 0.0468211
26 1.36092 0.101733
26 1.38399 0.162077
26 1.40705 0.272065
26 1.43012 0.418237
26 1.45319 0.602622
26 1.47625 0.748658
26 1.49932 0.86296
26 1.52238 0.942169
26 1.54545 0.892427
26 1.56852 0.784821
26 1.59158 0.611315
26 1.61465 0.425729
26 1.63772 0.291775
26 1.66078 0.192051
26 1.68385 0.166315
26 1.70692 0.217673
26 1.72998 0.382292
26 1.75305 0.685799
26 1.77612 1.10311
26 1.79918 1.63714
26 1.82225 2.148
26 1.84531 2.52414
26 1.86838 2.64362
26 1.89145 2.49496
26 1.91451 2.13815
26 1.93758 1.61639
26 1.96065 1.12149
26 1.98371 0.761103
26 2.00678 0.484726
26 2.02985 0.372981
26 2.05291 0.416895
26 2.07598 0.536209
26 2.09905 0.719338
26 2.12211 0.883452
26 2.14518 0.990301
26 2.16824 1.00259
26 2.19131 0.905997
26 2.21438 0.738733
26 2.23744 0.620591
26 2.26051 0.539512
26 2.28358 0.54006
