29 0 0
29 0.0230664 0
29 0.0461329 0
29 0.0691993 0
29 0.0922657 0
29 0.115332 0
29 0.138399 0
29 0.161465 0
29 0.184531 0
29 0.207598 0
29 0.230664 0
29 0.253731 0
29 0.276797 0
29 0.299864 0
29 0.32293 0
29 0.345996 0
29 0.369063 0
29 0.392129 0
29 0.415196 0
29 0.438262 0
29 0.461329 0
29 0.484395 0
29 0.507461 0
29 0.530528 0
29 0.553594 0
29 0.576661 0
29 0.599727 0
29 0.622794 0
29 0.64586 0
29 0.668926 0
29 0.691993 0
29 0.715059 0
29 0.738126 0
29 0.761192 0
29 0.784259 0
29 0.807325 0
29 0.830391 0
29 0.853458 0
29 0.876524 0
29 0.899591 0.00792238
29 0.922657 0.049554
29 0.945724 0.269679
29 0.96879 0.874234
29 0.991856 2.04523
29 1.01492 3.27555
29 1.03799 4.29124
29 1.06106 4.58155
29 1.08412 4.16978
29 1.10719 3.35376
29 1.13026 2.45311
29 1.15332 1.63522
29 1.17639 1.07927
29 1.19945 0.614828
29 1.22252 0.315572
29 1.24559 0.162081
29 1.26865 0.0813828
29 1.29172 0.0421031
29 1.31479 0.0308332
29 1.33785 0.0524873
29 1.36092 0.0890344
29 1.38399 0.159003
29 1.40705 0.288037
29 1.43012 0.422304
29 1.45319 0.604021
29 1.47625 0.736563
29 1.49932 0.888475
29 1.52238 0.928443
29 1.54545 0.885421
29 1.56852 0.75649
29 1.59158 0.623272
29 1.61465 0.448885
29 1.63772 0.294099
29 1.66078 0.207784
29 1.68385 0.179624
29 1.70692 0.229983
29 1.72998 0.375114
29 1.75305 0.685799
29 1.77612 1.12876
29 1.79918 1.62948
29 1.82225 2.15663
29 1.84531 2.52558
29 1.86838 2.62851
29 1.89145 2.4332
29 1.91451 2.08432
29 1.93758 1.60851
29 1.96065 1.14979
29 1.98371 0.747097
29 2.00678 0.503531
29 2.02985 0.396238
29 2.05291 0.435865
29 2.07598 0.568805
29 2.09905 0.723521
29 2.12211 0.902276
29 2.14518 0.961696
29 2.16824 0.972873
29 2.19131 0.864945
29 2.21438 0.764216
29 2.23744 0.618717
29 2.26051 0.538107
29 2.28358 0.537305
