69 0 0
69 0.0230664 0
69 0.0461329 0
69 0.0691993 0
69 0.0922657 0
69 0.115332 0
69 0.138399 0
69 0.161465 0
69 0.184531 0
69 0.207598 0
69 0.230664 0
69 0.253731 0
69 0.276797 0
69 0.299864 0
69 0.32293 0
69 0.345996 0
69 0.369063 0
69 0.392129 0
69 0.415196 0
69 0.438262 0
69 0.461329 0
69 0.484395 0
69 0.507461 0
69 0.530528 0
69 0.553594 0
69 0.576661 0
69 0.599727 0
69 0.622794 0
69 0.64586 0
69 0.668926 0
69 0.691993 0
69 0.715059 0
69 0.738126 0
69 0.761192 0
69 0.784259 0
69 0.807325 0
69 0.830391 0
69 0.853458 0
69 0.876524 0
69 0.899591 0.00348585
69 0.922657 0.0410935
69 0.945724 0.280927
69 0.96879 0.899865
69 0.991856 2.02968
69 1.01492 3.3596
69 1.03799 4.2506
69 1.06106 4.50847
69 1.08412 4.14907
69 1.10719 3.3711
69 1.13026 2.442
69 1.15332 1.67799
69 1.17639 1.05219
69 1.19945 0.592043
69 1.22252 0.328861
69 1.24559 0.175759
69 1.26865 0.0843542
69 1.29172 0.0465686
69 1.31479 0.0368457
69 1.33785 0.0559169
69 1.36092 0.102166
69 1.38399 0.169063
69 1.40705 0.280051
69 1.43012 0.404856
69 1.45319 0.578833
69 1.47625 0.757421
69 1.49932 0.866075
69 1.52238 0.9317
69 1.54545 0.898642
69 1.56852 0.798109
69 1.59158 0.587614
69 1.61465 0.458749
69 1.63772 0.281066
69 1.66078 0.201393
69 1.68385 0.173592
69 1.70692 0.237817
69 1.72998 0.41228
69 1.75305 0.680573
69 1.77612 1.11537
69 1.79918 1.6491
69 1.82225 2.12023
69 1.84531 2.50224
69 1.86838 2.61669
69 1.89145 2.46026
69 1.91451 2.12225
69 1.93758 1.60763
69 1.96065 1.12007
69 1.98371 0.754762
69 2.00678 0.501283
69 2.02985 0.39977
69 2.05291 0.437821
69 2.07598 0.572059
69 2.09905 0.73632
69 2.12211 0.881802
69 2.14518 0.99072
69 2.16824 0.971876
69 2.19131 0.874591
69 2.21438 0.71955
69 2.23744 0.611274
69 2.26051 0.531785
69 2.28358 0.530523
