0.8
0.799923
0.799692
0.799306
0.798768
0.798076
0.797231
0.796234
0.795085
0.793784
0.792333
0.790731
0.788979
0.787079
0.785031
0.782835
0.780493
0.778007
0.775377
0.772604
0.76969
0.766635
0.763443
0.760115
0.75665
0.75305
0.749316
0.745449
0.74145
0.737322
0.733066
0.728683
0.724174
0.719541
0.714785
0.709908
0.704911
0.699796
0.694566
0.689223
0.683768
0.678203
0.67253
0.666753
0.660874
0.654895
0.64882
0.642649
0.636387
0.630035
0.623597
0.617076
0.610475
0.603799
0.59705
0.590231
0.583348
0.576402
0.569398
0.56234
0.555231
0.548075
0.540876
0.533639
0.526368
0.519067
0.51174
0.504393
0.497028
0.489652
0.482269
0.474883
0.467499
0.460122
0.452757
0.445408
0.438081
0.43078
0.42351
0.416276
0.409082
0.401935
0.394839
0.387798
0.380818
0.373903
0.367058
0.360288
0.353597
0.34699
0.340473
0.334048
0.32772
0.321493
0.315372
0.30936
0.303461
0.29768
0.292019
0.286482
0.281073
0.275795
0.270651
0.265643
0.260774
0.256048
0.251465
0.24703
0.242742
0.238605
0.234619
0.230787
0.22711
0.223588
0.220223
0.217016
0.213966
0.211074
0.20834
0.205765
0.203347
0.201087
0.198984
0.197036
0.195244
0.193606
0.192121
0.190788
0.189604
0.188569
0.18768
0.186935
0.186332
0.18587
0.185545
0.185355
0.185298
0.185371
0.185571
0.185895
0.186341
0.186905
0.187584
0.188376
0.189276
0.190283
0.191392
0.1926
0.193904
0.195301
0.196787
0.198358
0.200013
0.201746
0.203555
0.205436
0.207386
0.209402
0.21148
0.213617
0.21581
0.218055
0.220349
0.22269
0.225073
0.227497
0.229958
0.232454
0.23498
0.237535
0.240114
0.242716
0.245337
0.247975
0.250627
0.253291
0.255964
0.258643
0.261327
0.264013
0.266699
0.269383
0.272062
0.274734
0.277398
0.280052
0.282692
0.285319
0.28793
0.290524
0.293098
0.295652
0.298183
0.300691
0.303173
0.305629
0.308057
0.310456
0.312826
0.315164
0.317471
0.319743
0.321982
0.324185
0.326352
0.328482
0.330574
0.332627
0.334641
0.336614
0.338547
0.34044
0.34229
0.344099
0.345864
0.347586
0.349264
0.350897
0.352486
0.35403
0.355528
0.356981
0.358389
0.359751
0.361066
0.362336
0.36356
0.364737
0.365869
0.366955
0.367994
0.368987
0.369935
0.370837
0.371693
0.372503
0.373268
0.373988
0.374663
0.375292
0.375878
0.376419
0.376917
0.377372
0.377785
0.378156
0.378485
0.378773
0.379022
0.379233
0.379404
0.379537
0.379633
0.379692
0.379715
0.379703
0.379658
0.37958
0.379469
0.379326
0.379154
0.378953
0.378725
0.378469
0.378188
0.377882
0.377552
0.3772
0.376826
0.376432
0.376019
0.375588
0.375141
0.374679
0.374203
0.373715
0.373216
0.372707
0.37219
0.371665
0.371135
0.370601
0.370065
0.369526
0.368988
0.368452
0.367919
0.36739
0.366867
0.366351
0.365845
0.365348
0.364863
0.36439
0.363931
0.363486
0.363057
0.362645
0.362252
0.361877
0.361522
0.361189
0.360879
0.360591
0.360328
0.36009
0.359878
0.359692
0.359534
0.359403
0.359302
0.359231
0.35919
0.359179
0.359199
0.359251
0.359333
0.359448
0.359594
0.359773
0.359985
0.36023
0.360507
0.360816
0.361157
0.361531
0.361937
0.362375
0.362843
0.363343
0.363874
0.364435
0.365027
0.365648
0.366299
0.366978
0.367685
0.368419
0.36918
0.369968
0.370781
0.371619
0.37248
0.373365
0.374272
0.3752
0.376148
0.377115
0.3781
0.379102
0.38012
0.381153
0.3822
0.38326
0.384332
0.385415
0.386508
0.387611
0.388721
0.389837
0.390959
0.392086
0.393216
0.394349
0.395482
0.396616
0.397749
0.39888
0.400009
0.401135
0.402256
0.40337
0.404478
0.405579
0.406672
0.407755
0.408828
0.409891
0.410942
0.41198
0.413006
0.414018
0.415015
0.415998
0.416964
0.417914
0.418849
0.419768
0.42067
0.421554
0.42242
0.423267
0.424095
0.424905
0.425696
0.426467
0.427219
0.42795
0.428661
0.429352
0.430022
0.430673
0.431304
0.431914
0.432505
0.433075
0.433625
0.434156
0.434667
0.435158
0.43563
0.436083
0.436517
0.436933
0.437331
0.437713
0.438077
0.438424
0.438755
0.43907
0.439369
0.439654
0.439924
0.44018
0.440422
0.440652
0.440869
0.441074
0.441267
0.441451
0.441624
0.441787
0.44194
0.442084
0.44222
0.442348
0.442467
0.442579
0.442684
0.442783
0.442875
0.442963
0.443044
0.44312
0.44319
0.443256
0.443317
0.443372
0.443423
0.44347
0.443513
0.443551
0.443585
0.443614
0.443638
0.443658
0.443674
0.443684
0.44369
0.44369
0.443685
0.443674
0.443657
0.443634
0.443603
0.443566
0.44352
0.443465
0.443403
0.443331
0.44325
0.44316
0.443059
0.442948
0.442826
0.442693
0.442547
0.442389
0.442218
0.442034
0.441837
0.441626
0.4414
0.441159
0.440902
0.440628
0.440339
0.440033
0.439709
0.439368
0.439009
0.438631
0.438236
0.437822
0.437391
0.43694
0.436471
0.435984
0.435478
0.434954
0.434412
0.43385
0.433271
0.432673
0.432058
0.431425
0.430774
0.430107
0.429423
0.428722
0.428006
0.427274
0.426527
0.425767
0.424994
0.424208
0.423411
0.422601
0.42178
0.420949
0.420108
0.419259
0.418402
0.417538
0.416669
0.415795
0.414917
0.414037
0.413155
0.412273
0.411391
0.410511
0.409633
0.40876
0.407891
0.407028
0.406172
0.405324
0.404486
0.403658
0.402842
0.402039
0.401252
0.40048
0.399725
0.398988
0.39827
0.397573
0.396898
0.396246
0.395618
0.395015
0.394438
0.393888
0.393367
0.392875
0.392414
0.391984
0.391586
0.391221
0.39089
0.390595
0.390335
0.390112
0.389927
0.389779
0.38967
0.389601
0.389571
0.389581
0.389632
0.389724
0.389858
0.390034
0.390252
0.390512
0.390814
0.391158
0.391545
0.391973
0.392444
0.392957
0.393511
0.394106
0.394741
0.395417
0.396133
0.39689
0.397686
0.398519
0.39939
0.400298
0.40124
0.402218
0.403229
0.404273
0.405349
0.406456
0.407593
0.408758
0.409951
0.41117
0.412415
0.413684
0.414975
0.416287
0.41762
0.418971
0.420338
0.421721
0.423118
0.424528
0.425949
0.42738
0.428818
0.430263
0.431713
0.433167
0.434624
0.436082
0.437541
0.438998
0.44045
0.441898
0.44334
0.444774
0.4462
0.447616
0.44902
0.450411
0.451787
0.453148
0.454492
0.455818
0.457124
0.458409
0.459673
0.460915
0.462134
0.463328
0.464496
0.465638
0.466752
0.467839
0.468896
0.469923
0.470918
0.471882
0.472814
0.473714
0.474579
0.475412
0.47621
0.476973
0.477701
0.478392
0.479047
0.479664
0.480244
0.480786
0.48129
0.481757
0.482185
0.482574
0.482924
0.483235
0.483506
0.483739
0.483931
0.484085
0.484199
0.484275
0.484312
0.48431
0.484269
0.484189
0.484071
0.483915
0.483722
0.483492
0.483224
0.482919
0.482578
0.482199
0.481785
0.481335
0.480851
0.480332
0.47978
0.479195
0.478577
0.477927
0.477246
0.476535
0.475793
0.475022
0.474222
0.473393
0.472536
0.471652
0.470741
0.469804
0.468842
0.467856
0.466846
0.465813
0.464758
0.463682
0.462585
0.461469
0.460335
0.459183
0.458014
0.45683
0.455631
0.454417
0.45319
0.451951
0.4507
0.449438
0.448166
0.446885
0.445597
0.444302
0.443001
0.441694
0.440384
0.439071
0.437756
0.436439
0.435121
0.433803
0.432486
0.431171
0.429858
0.428548
0.427243
0.425944
0.42465
0.423362
0.42208
0.420806
0.419541
0.418285
0.417039
0.415804
0.414579
0.413367
0.412166
0.410978
0.409803
0.408642
0.407495
0.406364
0.405248
0.404148
0.403065
0.401998
0.400949
0.399917
0.398904
0.397908
0.396932
0.395975
0.395038
0.394121
0.393224
0.392347
0.391491
0.390656
0.389841
0.389047
0.388275
0.387523
0.386793
0.386084
0.385396
0.384729
0.384084
0.38346
0.382858
0.382277
0.381716
0.381176
0.380657
0.380158
0.379679
0.37922
0.378781
0.378362
0.377963
0.377583
0.377222
0.37688
0.376557
0.376251
0.375964
0.375694
0.37544
0.375204
0.374985
0.374782
0.374594
0.374421
0.374263
0.37412
0.373991
0.373877
0.373776
0.373688
0.373613
0.37355
0.373498
0.373459
0.373432
0.373415
0.373408
0.373412
0.373425
0.373448
0.37348
0.37352
0.373568
0.373625
0.373688
0.37376
0.373839
0.373924
0.374017
0.374117
0.374223
0.374335
0.374452
0.374574
0.374701
0.374832
0.374968
0.375108
0.375253
0.375402
0.375555
0.375712
0.375874
0.376039
0.376208
0.376381
0.376557
0.376737
0.37692
0.377107
0.377296
0.377489
0.377685
0.377884
0.378087
0.378292
0.378501
0.378713
0.378928
0.379147
0.379368
0.379592
0.37982
0.380052
0.380287
0.380525
0.380767
0.381012
0.381261
0.381513
0.381768
0.382027
0.382289
0.382554
0.382822
0.383094
0.383368
0.383646
0.383926
0.384209
0.384495
0.384783
0.385074
0.385366
0.385661
0.385958
0.386256
0.386555
0.386856
0.387157
0.38746
0.387763
0.388067
0.388371
0.388677
0.388983
0.389291
0.389599
0.389907
0.390216
0.390524
0.390831
0.391139
0.391446
0.391753
0.39206
0.392366
0.392671
0.392974
0.393276
0.393577
0.393877
0.394175
0.394471
0.394766
0.395059
0.39535
0.395639
0.395928
0.396214
0.396498
0.396781
0.397063
0.397342
0.397618
0.397892
0.398164
0.398434
0.3987
0.398964
0.399225
0.399484
0.39974
0.399993
0.400244
0.400491
0.400736
0.400977
0.401214
0.401447
0.401677
0.401903
0.402125
0.402343
0.402556
0.402765
0.402969
0.403168
0.403362
0.403551
0.403733
0.40391
0.404081
0.404246
0.404404
0.404557
0.404704
0.404845
0.404979
0.405106
0.405226
0.405338
0.405442
0.405538
0.405626
0.405706
0.405778
0.405841
0.405896
0.405941
0.405977
0.406004
0.406022
0.40603
0.406029
0.406018
0.405998
0.405969
0.405931
0.405883
0.405825
0.405757
0.405678
0.40559
0.405491
0.405384
0.405267
0.40514
0.405002
0.404855
0.404697
0.404528
0.40435
0.404163
0.403966
0.403759
0.403543
0.403317
0.403082
0.402839
0.799791
0.799341
0.798778
0.798103
0.797316
0.796417
0.795408
0.794288
0.79306
0.791724
0.790281
0.788731
0.787076
0.785317
0.783454
0.781489
0.779425
0.777264
0.775007
0.772655
0.770208
0.767672
0.765047
0.762334
0.759534
0.756652
0.753688
0.750645
0.747526
0.744333
0.74107
0.73774
0.734344
0.730887
0.727371
0.723801
0.720178
0.716507
0.712789
0.709028
0.705227
0.701391
0.697524
0.693627
0.689707
0.685766
0.681808
0.677836
0.673855
0.669868
0.665879
0.661893
0.657912
0.653942
0.649986
0.646049
0.642132
0.638241
0.634378
0.630548
0.626755
0.623001
0.61929
0.615627
0.612014
0.608455
0.604952
0.601509
0.598128
0.594812
0.591564
0.588386
0.58528
0.582249
0.579294
0.576416
0.573619
0.570904
0.568272
0.565725
0.563264
0.560889
0.558601
0.556401
0.554288
0.552264
0.550328
0.548481
0.546723
0.545054
0.543474
0.541981
0.540575
0.539256
0.538023
0.536874
0.53581
0.534828
0.533929
0.533111
0.532373
0.531713
0.531129
0.530621
0.530186
0.529823
0.529532
0.529311
0.529157
0.529069
0.529046
0.529085
0.529184
0.529342
0.529557
0.529828
0.530153
0.530531
0.530961
0.531441
0.53197
0.532545
0.533163
0.533825
0.534528
0.535271
0.536054
0.536873
0.537727
0.538615
0.539535
0.540485
0.541465
0.542473
0.543508
0.544568
0.545652
0.546759
0.547888
0.549037
0.550206
0.551392
0.552594
0.553813
0.555046
0.556293
0.557552
0.558823
0.560103
0.561392
0.56269
0.563995
0.565307
0.566624
0.567946
0.56927
0.570597
0.571924
0.573251
0.574577
0.575901
0.577223
0.578542
0.579857
0.581167
0.582472
0.583772
0.585064
0.586347
0.587622
0.588887
0.590141
0.591384
0.592616
0.593838
0.595046
0.596241
0.597423
0.598591
0.599745
0.600884
0.602008
0.603116
0.604208
0.605284
0.606343
0.607385
0.608409
0.609416
0.610406
0.611378
0.612332
0.613267
0.614185
0.615083
0.615963
0.616825
0.617668
0.618493
0.619298
0.620085
0.620853
0.621602
0.622331
0.623042
0.623732
0.624403
0.625055
0.625687
0.6263
0.626893
0.627467
0.628023
0.628559
0.629077
0.629578
0.63006
0.630525
0.630973
0.631403
0.631818
0.632215
0.632595
0.632959
0.633307
0.633638
0.633953
0.634253
0.634538
0.634807
0.635063
0.635305
0.635536
0.635755
0.635962
0.636158
0.636342
0.636517
0.636683
0.636839
0.636988
0.63713
0.637264
0.637393
0.637515
0.637632
0.637745
0.637857
0.637967
0.638077
0.638187
0.638295
0.638405
0.638515
0.638625
0.638737
0.638852
0.638969
0.63909
0.639215
0.639345
0.639478
0.639615
0.639757
0.639904
0.640055
0.640211
0.640373
0.640539
0.640709
0.640883
0.641061
0.641243
0.641429
0.641617
0.641807
0.641998
0.64219
0.642382
0.642574
0.642763
0.64295
0.643135
0.643315
0.643489
0.643657
0.643816
0.643965
0.644105
0.644234
0.644351
0.644455
0.644544
0.644619
0.644677
0.644719
0.644742
0.644745
0.644728
0.644691
0.644633
0.644554
0.644452
0.64433
0.644184
0.644016
0.643823
0.643607
0.643368
0.643106
0.642821
0.642514
0.642185
0.641833
0.64146
0.641065
0.640651
0.640217
0.639763
0.639291
0.638802
0.638296
0.637773
0.637237
0.636687
0.636127
0.635556
0.634976
0.634388
0.633793
0.633194
0.632591
0.631987
0.631381
0.630776
0.630173
0.629573
0.62898
0.628392
0.627813
0.627243
0.626682
0.626134
0.625599
0.625079
0.624574
0.624087
0.623617
0.623166
0.622735
0.622324
0.621935
0.621569
0.621225
0.620905
0.620607
0.620334
0.620085
0.619861
0.619663
0.619488
0.619338
0.619212
0.619111
0.619035
0.618982
0.618954
0.618948
0.618965
0.619004
0.619064
0.619144
0.619243
0.619361
0.619496
0.619647
0.619812
0.619992
0.620183
0.620386
0.620598
0.62082
0.621049
0.621285
0.621526
0.621771
0.622018
0.622266
0.622515
0.62276
0.623003
0.623241
0.623473
0.623698
0.623917
0.624127
0.624327
0.624516
0.624694
0.624859
0.625009
0.625144
0.625264
0.625368
0.625455
0.625526
0.625578
0.625613
0.625628
0.625624
0.625601
0.625557
0.625495
0.625414
0.625315
0.625197
0.62506
0.624906
0.624733
0.624541
0.624332
0.624107
0.623864
0.623605
0.623331
0.623041
0.622735
0.622416
0.622082
0.621735
0.621375
0.621003
0.620618
0.620223
0.619818
0.619404
0.618981
0.61855
0.618111
0.617666
0.617214
0.616757
0.616296
0.61583
0.615363
0.614893
0.614421
0.613948
0.613475
0.613003
0.612532
0.612065
0.611601
0.611142
0.610687
0.610237
0.609792
0.609354
0.608922
0.6085
0.608088
0.607686
0.607293
0.606911
0.60654
0.606181
0.605834
0.6055
0.60518
0.604875
0.604584
0.604309
0.60405
0.603809
0.603585
0.603379
0.603191
0.603021
0.60287
0.602738
0.602625
0.602531
0.602458
0.602405
0.602373
0.602362
0.602371
0.602401
0.602452
0.602524
0.602617
0.60273
0.602863
0.603016
0.603188
0.603378
0.603587
0.603815
0.604059
0.604321
0.604598
0.604891
0.6052
0.605523
0.605859
0.606208
0.606569
0.606941
0.607323
0.607714
0.608114
0.608521
0.608935
0.609355
0.609779
0.610207
0.610639
0.611073
0.61151
0.611947
0.612384
0.61282
0.613255
0.613687
0.614116
0.614541
0.61496
0.615374
0.615782
0.616182
0.616575
0.61696
0.617337
0.617704
0.618061
0.61841
0.618751
0.619082
0.619404
0.619715
0.620016
0.620306
0.620586
0.620856
0.621115
0.621363
0.621601
0.62183
0.622048
0.622256
0.622454
0.622642
0.622821
0.622992
0.623154
0.623308
0.623455
0.623594
0.623726
0.623852
0.623971
0.624084
0.624192
0.624295
0.624393
0.624488
0.624581
0.62467
0.624757
0.624843
0.624928
0.625013
0.625098
0.625185
0.625272
0.625362
0.625454
0.625549
0.625648
0.625752
0.62586
0.625973
0.626091
0.626216
0.626347
0.626484
0.626628
0.626778
0.626936
0.627102
0.627275
0.627455
0.627643
0.62784
0.628044
0.628256
0.628473
0.628698
0.628928
0.629164
0.629407
0.629656
0.629911
0.63017
0.630434
0.630702
0.630975
0.631251
0.631531
0.631813
0.632096
0.632381
0.632668
0.632955
0.633242
0.633528
0.633813
0.634097
0.634377
0.634655
0.634929
0.635198
0.635463
0.635722
0.635975
0.636222
0.636462
0.636694
0.636917
0.63713
0.637333
0.637525
0.637706
0.637874
0.63803
0.638172
0.638302
0.638419
0.638522
0.63861
0.638685
0.638744
0.638788
0.638816
0.638828
0.638826
0.638807
0.638772
0.63872
0.638651
0.638565
0.638463
0.638343
0.638206
0.638052
0.637882
0.637694
0.63749
0.637269
0.637031
0.636778
0.636508
0.636222
0.635921
0.635607
0.635278
0.634935
0.634579
0.63421
0.633829
0.633436
0.633031
0.632614
0.632188
0.631752
0.631307
0.630854
0.630392
0.629923
0.629448
0.628969
0.628486
0.627999
0.627509
0.627016
0.62652
0.626024
0.625528
0.625032
0.624538
0.624045
0.623556
0.62307
0.62259
0.622115
0.621645
0.621183
0.620727
0.62028
0.61984
0.61941
0.618991
0.618582
0.618185
0.6178
0.617428
0.617069
0.616724
0.616392
0.616075
0.615771
0.615482
0.615209
0.614951
0.614708
0.614481
0.61427
0.614074
0.613894
0.613728
0.613577
0.613442
0.613322
0.613216
0.613125
0.613047
0.612983
0.612931
0.612892
0.612864
0.612849
0.612844
0.612851
0.612867
0.612893
0.612928
0.61297
0.61302
0.613078
0.613143
0.613213
0.613287
0.613366
0.61345
0.613537
0.613628
0.613721
0.613816
0.613912
0.61401
0.614108
0.614205
0.614302
0.614397
0.61449
0.614582
0.614672
0.614761
0.614847
0.614929
0.615008
0.615084
0.615156
0.615226
0.615293
0.615358
0.61542
0.615479
0.615535
0.615589
0.61564
0.615688
0.615735
0.61578
0.615824
0.615867
0.615909
0.615951
0.615992
0.616034
0.616077
0.61612
0.616164
0.616211
0.616259
0.616311
0.616366
0.616424
0.616486
0.616553
0.616625
0.616703
0.616786
0.616878
0.616977
0.617084
0.617198
0.617319
0.61745
0.617589
0.617737
0.617895
0.618062
0.618239
0.618425
0.618623
0.61883
0.619048
0.619276
0.619515
0.619765
0.620025
0.620296
0.620577
0.620869
0.621171
0.621482
0.621802
0.622132
0.622471
0.622818
0.623174
0.623536
0.623906
0.624281
0.624662
0.625049
0.625439
0.625833
0.626229
0.626627
0.627026
0.627426
0.627826
0.628224
0.62862
0.629012
0.629401
0.629784
0.630162
0.630533
0.630896
0.63125
0.631595
0.631931
0.632256
0.632568
0.632866
0.63315
0.633419
0.633671
0.633906
0.634122
0.63432
0.634498
0.634655
0.634791
0.634904
0.634995
0.635062
0.635106
0.635125
0.635119
0.635087
0.635031
0.634949
0.63484
0.634704
0.63454
0.634349
0.63413
0.633882
0.633604
0.633297
0.63296
0.632594
0.632198
0.631772
0.631315
0.630828
0.630312
0.629766
0.629189
0.628582
0.627945
0.627278
0.626581
0.625855
0.625098
0.624311
0.623494
0.622646
0.621769
0.620863
0.619927
0.618963
0.617969
0.616947
0.615897
0.61482
0.613715
0.612582
0.611423
0.610237
0.609027
0.607793
0.606534
0.605253
0.603949
0.602622
0.601274
0.599905
0.598515
0.597105
0.595675
0.594226
0.592761
0.59128
0.589783
0.588271
0.586745
0.585207
0.583657
0.582097
0.580527
0.578949
0.577364
0.575773
0.574179
0.572582
0.570985
0.569388
0.567793
0.566202
0.564616
0.563038
0.561469
0.55991
0.558363
0.55683
0.555313
0.553814
0.552333
0.550873
0.549436
0.548023
0.546635
0.545274
0.543942
0.542639
0.541368
0.54013
0.538926
0.537759
0.536629
0.535537
0.534484
0.533471
0.532499
0.531569
0.530683
0.52984
0.529041
0.528287
0.527577
0.526913
0.526295
0.525723
0.525197
0.524719
0.524288
0.523903
0.523564
0.523271
0.523024
0.522822
0.522666
0.522555
0.522488
0.522465
0.522486
0.52255
0.522656
0.522803
0.522992
0.523221
0.523489
0.523796
0.524143
0.524527
0.524948
0.525407
0.525901
0.526431
0.526995
0.527594
0.528226
0.52889
0.529587
0.530315
0.800459
0.8014
0.802292
0.803135
0.80393
0.804674
0.805368
0.806012
0.806606
0.807151
0.807647
0.808095
0.808494
0.808847
0.809156
0.80942
0.80964
0.809817
0.809953
0.810049
0.810107
0.810127
0.810113
0.810064
0.809984
0.809875
0.809737
0.809573
0.809383
0.809171
0.808938
0.808687
0.808419
0.808137
0.807843
0.807538
0.807227
0.806911
0.806591
0.80627
0.805949
0.80563
0.805315
0.805005
0.804702
0.804407
0.804122
0.803849
0.80359
0.803344
0.803114
0.802901
0.802705
0.802529
0.802372
0.802236
0.80212
0.802025
0.801953
0.801901
0.801872
0.801867
0.801886
0.801928
0.801992
0.80208
0.802189
0.80232
0.80247
0.802639
0.802826
0.80303
0.803251
0.803486
0.803736
0.804
0.804276
0.804565
0.804864
0.805172
0.805485
0.805804
0.806126
0.806452
0.80678
0.807108
0.807433
0.807754
0.808068
0.808377
0.808677
0.808967
0.809246
0.809513
0.809765
0.810001
0.810221
0.810423
0.810605
0.810766
0.810905
0.811022
0.811116
0.811186
0.81123
0.811247
0.811237
0.811199
0.811131
0.811034
0.810908
0.810752
0.810566
0.810349
0.8101
0.809819
0.809507
0.809163
0.808788
0.808382
0.807943
0.807473
0.806971
0.806438
0.805874
0.805279
0.804654
0.804
0.803317
0.802606
0.801867
0.801102
0.800311
0.799495
0.798654
0.797791
0.796908
0.796004
0.795079
0.794136
0.793173
0.792194
0.791198
0.790186
0.789161
0.788122
0.787071
0.786011
0.784942
0.783866
0.782784
0.781698
0.780607
0.779513
0.778416
0.77732
0.776224
0.775129
0.774038
0.772951
0.77187
0.770795
0.769727
0.768668
0.767618
0.76658
0.765553
0.76454
0.76354
0.762555
0.761586
0.760634
0.759699
0.758782
0.757883
0.757004
0.756144
0.755307
0.75449
0.753694
0.75292
0.752168
0.751438
0.750731
0.750047
0.749386
0.748747
0.748131
0.747537
0.746964
0.746413
0.745883
0.745375
0.744887
0.744419
0.74397
0.743539
0.743126
0.742729
0.742348
0.741982
0.741631
0.741294
0.74097
0.740658
0.740357
0.740065
0.739781
0.739506
0.739237
0.738975
0.738717
0.738464
0.738214
0.737966
0.737719
0.737472
0.737225
0.736976
0.736726
0.736473
0.736216
0.735956
0.73569
0.73542
0.735144
0.734862
0.734574
0.73428
0.733978
0.73367
0.733354
0.733033
0.732704
0.732369
0.732028
0.731681
0.731329
0.730971
0.730607
0.730238
0.729866
0.72949
0.72911
0.728727
0.728341
0.727954
0.727566
0.727178
0.726791
0.726405
0.726023
0.725644
0.725269
0.7249
0.724538
0.724184
0.723836
0.723497
0.723167
0.722849
0.72254
0.722243
0.721958
0.721685
0.721425
0.721181
0.720951
0.720739
0.720542
0.72036
0.720195
0.720046
0.719914
0.719798
0.719699
0.719618
0.719554
0.719508
0.719479
0.719467
0.71947
0.719489
0.719524
0.719573
0.719637
0.719714
0.719805
0.71991
0.720027
0.720156
0.720294
0.720442
0.720598
0.720762
0.720932
0.72111
0.721292
0.721477
0.721666
0.721857
0.72205
0.722243
0.722436
0.722628
0.722818
0.723006
0.723189
0.723369
0.723545
0.723716
0.723881
0.724039
0.72419
0.724333
0.724469
0.724598
0.724718
0.724831
0.724935
0.725031
0.725119
0.7252
0.725274
0.72534
0.725401
0.725455
0.725506
0.725551
0.725593
0.72563
0.725665
0.725698
0.725731
0.725766
0.725803
0.725843
0.725888
0.725939
0.725999
0.726069
0.726149
0.726241
0.726347
0.726467
0.726604
0.726759
0.726934
0.72713
0.72735
0.727595
0.727867
0.728168
0.728498
0.728861
0.729257
0.729689
0.730156
0.730661
0.731206
0.73179
0.732417
0.733087
0.733799
0.734556
0.735358
0.736207
0.737103
0.738046
0.739037
0.740074
0.741157
0.742288
0.743464
0.744686
0.745952
0.747263
0.748617
0.750013
0.751451
0.752929
0.754445
0.755998
0.757585
0.759205
0.760855
0.762533
0.764238
0.765966
0.767715
0.769482
0.771264
0.773058
0.774862
0.776673
0.778486
0.780299
0.782109
0.783913
0.785708
0.78749
0.789256
0.791003
0.792728
0.794429
0.796102
0.797745
0.799355
0.80093
0.802466
0.80396
0.80541
0.806812
0.808166
0.809469
0.810716
0.811907
0.81304
0.814113
0.815125
0.816074
0.816958
0.817776
0.818525
0.819206
0.819818
0.820361
0.820834
0.821235
0.821566
0.821826
0.822014
0.822131
0.822177
0.822151
0.822055
0.821889
0.821655
0.821352
0.820983
0.820548
0.820049
0.819487
0.818864
0.818181
0.817439
0.816641
0.815787
0.814881
0.813924
0.812919
0.811869
0.810776
0.80964
0.808465
0.807254
0.806007
0.804729
0.803422
0.802086
0.800726
0.799343
0.797939
0.796516
0.795078
0.793628
0.792166
0.790695
0.789217
0.787735
0.78625
0.784763
0.783278
0.781796
0.780319
0.778848
0.777384
0.775928
0.774482
0.773046
0.771624
0.770215
0.76882
0.767441
0.766077
0.764729
0.763399
0.762084
0.760788
0.759509
0.758248
0.757006
0.755782
0.754577
0.753389
0.75222
0.751069
0.749937
0.748821
0.747723
0.746642
0.745578
0.744531
0.7435
0.742486
0.741489
0.740507
0.739542
0.738593
0.737662
0.736746
0.735848
0.734966
0.734101
0.733253
0.732423
0.731612
0.730818
0.730044
0.729288
0.728552
0.727838
0.727144
0.726473
0.725825
0.725201
0.724602
0.724029
0.723484
0.722968
0.722481
0.722025
0.721601
0.721212
0.720857
0.720538
0.720256
0.720013
0.71981
0.71965
0.719532
0.719458
0.719429
0.719447
0.719513
0.719629
0.719796
0.720016
0.720288
0.720614
0.720996
0.721433
0.721926
0.722478
0.723088
0.723755
0.724481
0.725266
0.726109
0.72701
0.72797
0.728989
0.730065
0.731199
0.73239
0.733639
0.734943
0.736303
0.737719
0.739191
0.740716
0.742292
0.74392
0.745595
0.747317
0.749083
0.750892
0.752743
0.754633
0.75656
0.758524
0.760521
0.76255
0.76461
0.766698
0.768812
0.770948
0.773106
0.775284
0.777479
0.779689
0.781912
0.784145
0.786386
0.788634
0.790886
0.793139
0.795391
0.79764
0.799883
0.802119
0.804345
0.806559
0.808759
0.810942
0.813107
0.815252
0.817375
0.819475
0.821548
0.823594
0.825611
0.827598
0.829552
0.831471
0.833352
0.835195
0.836997
0.838756
0.840472
0.842143
0.843767
0.845343
0.846871
0.848347
0.849772
0.851143
0.85246
0.85372
0.854922
0.856064
0.857146
0.858168
0.859128
0.860027
0.860863
0.861634
0.86234
0.862983
0.863559
0.864068
0.864509
0.864881
0.865183
0.865416
0.865579
0.865673
0.865697
0.865652
0.865535
0.865347
0.86509
0.864761
0.864362
0.86389
0.863346
0.862731
0.862045
0.861289
0.860462
0.859567
0.858602
0.857569
0.856467
0.855296
0.854058
0.852754
0.851384
0.84995
0.848451
0.846889
0.845264
0.843579
0.841834
0.840031
0.83817
0.836252
0.83428
0.832256
0.830179
0.828053
0.825881
0.823662
0.821399
0.819093
0.816747
0.814361
0.811936
0.809476
0.806983
0.804457
0.801902
0.799319
0.796713
0.794083
0.791433
0.788764
0.78608
0.783382
0.780674
0.777956
0.775232
0.772504
0.769775
0.767047
0.764323
0.761604
0.758895
0.756197
0.753512
0.750842
0.74819
0.745558
0.742949
0.740366
0.737811
0.735288
0.732798
0.730343
0.727925
0.725546
0.723209
0.720915
0.718667
0.716467
0.714317
0.712218
0.710173
0.708182
0.706249
0.704373
0.702558
0.700803
0.69911
0.697481
0.695917
0.694419
0.692988
0.691625
0.690331
0.689105
0.687949
0.686862
0.685844
0.684897
0.684022
0.683219
0.682486
0.681823
0.681231
0.680709
0.680256
0.679872
0.679555
0.679305
0.679123
0.679007
0.678955
0.678968
0.679044
0.679182
0.679381
0.67964
0.679957
0.680332
0.680763
0.681248
0.681786
0.682376
0.683016
0.683704
0.684441
0.685223
0.686049
0.686918
0.687829
0.688779
0.689767
0.690791
0.69185
0.692943
0.694066
0.69522
0.696401
0.697608
0.698841
0.700098
0.701377
0.702676
0.703993
0.705328
0.706679
0.708043
0.70942
0.710806
0.7122
0.713601
0.715008
0.716419
0.717832
0.719245
0.720657
0.722066
0.723471
0.72487
0.726261
0.727642
0.729014
0.730374
0.731721
0.733052
0.734366
0.735662
0.736938
0.738194
0.739426
0.740634
0.741817
0.742973
0.744103
0.745206
0.74628
0.747323
0.748334
0.749312
0.750257
0.751167
0.752042
0.752881
0.753684
0.75445
0.755179
0.755869
0.756521
0.757133
0.757707
0.758242
0.75874
0.759199
0.759618
0.759999
0.760342
0.760646
0.760911
0.761138
0.761327
0.761479
0.761594
0.761673
0.761718
0.761728
0.761705
0.761648
0.761561
0.761442
0.761293
0.761114
0.760908
0.760675
0.760416
0.760132
0.759825
0.759497
0.759147
0.758779
0.758393
0.75799
0.757573
0.757142
0.756698
0.756243
0.755779
0.755306
0.754826
0.75434
0.75385
0.753358
0.752864
0.752371
0.751879
0.75139
0.750905
0.750424
0.749949
0.749482
0.749023
0.748574
0.748136
0.74771
0.747297
0.7469
0.746517
0.74615
0.7458
0.745468
0.745153
0.744858
0.744583
0.744328
0.744092
0.743878
0.743686
0.743515
0.743365
0.743238
0.743132
0.743047
0.742984
0.742943
0.742923
0.742924
0.742945
0.742987
0.743048
0.743127
0.743225
0.74334
0.743473
0.743621
0.743786
0.743964
0.744156
0.74436
0.744576
0.744802
0.745037
0.745282
0.745533
0.74579
0.746052
0.746316
0.746582
0.746849
0.747114
0.747378
0.747638
0.747894
0.748145
0.748388
0.748623
0.748848
0.749061
0.749262
0.749449
0.749622
0.749778
0.749918
0.75004
0.750143
0.750227
0.75029
0.750334
0.750355
0.750354
0.75033
0.750284
0.750216
0.750124
0.750008
0.749868
0.749706
0.749521
0.749313
0.749083
0.748829
0.748553
0.748255
0.747936
0.747597
0.747241
0.746866
0.746473
0.746063
0.745639
0.745201
0.744751
0.744289
0.743816
0.743334
0.742845
0.742351
0.741853
0.741351
0.740847
0.740342
0.739838
0.739336
0.738838
0.738344
0.737856
0.737375
0.736903
0.736441
0.735991
0.735552
0.735127
0.734716
0.734321
0.733942
0.733582
0.799805
0.799473
0.799142
0.798811
0.79848
0.798152
0.797827
0.797504
0.797186
0.796871
0.79656
0.796253
0.79595
0.795653
0.795361
0.795074
0.794793
0.794517
0.794248
0.793986
0.793732
0.793484
0.793245
0.793014
0.792792
0.79258
0.792376
0.792182
0.791999
0.791827
0.791667
0.791521
0.791389
0.79127
0.791166
0.791076
0.791002
0.790945
0.790904
0.79088
0.790873
0.790884
0.790915
0.790965
0.791037
0.79113
0.791245
0.791381
0.791538
0.791718
0.791921
0.792145
0.792393
0.792663
0.792957
0.793275
0.793616
0.793981
0.79437
0.794784
0.79522
0.795681
0.796165
0.796671
0.797199
0.797749
0.798322
0.798915
0.79953
0.800164
0.80082
0.801493
0.802185
0.802895
0.803623
0.804366
0.805125
0.805898
0.806685
0.807485
0.808298
0.809122
0.809958
0.810804
0.811661
0.812527
0.8134
0.814282
0.815172
0.816067
0.816968
0.817871
0.818778
0.819687
0.820597
0.821509
0.82242
0.823331
0.824241
0.825147
0.82605
0.82695
0.827846
0.828736
0.829619
0.830495
0.831363
0.832222
0.83307
0.833906
0.834732
0.835546
0.836347
0.837133
0.837903
0.838656
0.839391
0.840107
0.840803
0.841476
0.842127
0.842754
0.843356
0.843931
0.844479
0.844999
0.84549
0.84595
0.846378
0.846773
0.847134
0.847461
0.847752
0.848005
0.848221
0.848398
0.848535
0.848632
0.848688
0.848703
0.848676
0.848606
0.848493
0.848336
0.848135
0.84789
0.847601
0.847268
0.846891
0.84647
0.846006
0.845498
0.844946
0.844351
0.843715
0.843038
0.842318
0.841556
0.840754
0.839911
0.839028
0.838105
0.837143
0.836143
0.835107
0.834035
0.832928
0.831787
0.830615
0.829412
0.828178
0.826916
0.825627
0.824311
0.82297
0.821604
0.820215
0.818805
0.817374
0.815925
0.814459
0.812977
0.811482
0.809975
0.808458
0.806933
0.8054
0.803863
0.802324
0.800783
0.799243
0.797705
0.796173
0.794648
0.793132
0.791626
0.790133
0.788656
0.787196
0.785756
0.784336
0.782939
0.781567
0.780223
0.778907
0.777622
0.776369
0.775152
0.773971
0.772827
0.771722
0.770657
0.769634
0.768654
0.767719
0.766831
0.765989
0.765196
0.764452
0.763758
0.763115
0.762523
0.761983
0.761496
0.761063
0.760683
0.760358
0.760087
0.75987
0.759707
0.7596
0.759547
0.75955
0.759607
0.75972
0.759889
0.760111
0.760386
0.760714
0.761093
0.761525
0.762007
0.76254
0.763122
0.763753
0.76443
0.765155
0.765925
0.766739
0.767597
0.768498
0.769439
0.770421
0.771441
0.772499
0.773594
0.774724
0.775887
0.777084
0.778311
0.779568
0.780852
0.782163
0.783498
0.784856
0.786237
0.787638
0.789057
0.790493
0.791944
0.793409
0.794885
0.796373
0.79787
0.799374
0.800884
0.802398
0.803913
0.805428
0.806943
0.808454
0.809961
0.811462
0.812955
0.814439
0.815911
0.817368
0.818809
0.820235
0.821641
0.823027
0.82439
0.825728
0.827039
0.828323
0.829579
0.830802
0.831992
0.833148
0.834268
0.835349
0.83639
0.837389
0.838345
0.839255
0.840119
0.840936
0.841704
0.842422
0.843089
0.843705
0.844266
0.844773
0.845225
0.84562
0.845957
0.846237
0.846459
0.846622
0.846727
0.846772
0.846758
0.846684
0.846549
0.846354
0.846099
0.845785
0.845412
0.844981
0.844491
0.843945
0.843343
0.842685
0.841972
0.841206
0.840388
0.839519
0.838601
0.837634
0.836621
0.835561
0.834456
0.833308
0.832119
0.830888
0.82962
0.828317
0.826979
0.825608
0.824206
0.822775
0.821318
0.819834
0.818327
0.816801
0.815255
0.813691
0.812111
0.810515
0.808906
0.807286
0.805657
0.80402
0.802377
0.800731
0.799081
0.79743
0.795777
0.794126
0.792477
0.790831
0.789189
0.787554
0.785926
0.784305
0.782695
0.781094
0.779505
0.777927
0.776362
0.77481
0.773272
0.771749
0.770241
0.768748
0.767272
0.765814
0.764373
0.76295
0.761545
0.76016
0.758794
0.757448
0.756122
0.754817
0.753534
0.752272
0.751031
0.749811
0.748612
0.747435
0.746282
0.745151
0.744043
0.742959
0.741898
0.74086
0.739847
0.738857
0.737891
0.736949
0.736031
0.735137
0.734268
0.733424
0.732606
0.731813
0.731047
0.730306
0.729592
0.728903
0.728241
0.727605
0.726996
0.726415
0.725861
0.725336
0.724838
0.724369
0.723928
0.723517
0.723136
0.722784
0.722463
0.722172
0.721911
0.72168
0.721479
0.721309
0.721169
0.721059
0.720982
0.720937
0.720923
0.720939
0.720987
0.721066
0.721176
0.721316
0.721487
0.721687
0.721917
0.722178
0.722468
0.722788
0.723136
0.723512
0.723917
0.724348
0.724804
0.725286
0.725792
0.726323
0.726877
0.727453
0.72805
0.728669
0.729307
0.729963
0.730636
0.731325
0.732028
0.732744
0.733472
0.734211
0.734958
0.735714
0.736477
0.737246
0.738019
0.738795
0.739573
0.74035
0.741127
0.741902
0.742673
0.74344
0.7442
0.744953
0.745697
0.746431
0.747154
0.747864
0.74856
0.749242
0.749909
0.75056
0.751195
0.751813
0.752413
0.752994
0.753556
0.754097
0.754619
0.755121
0.755604
0.756067
0.75651
0.756933
0.757337
0.757724
0.758095
0.75845
0.758788
0.759111
0.759421
0.759719
0.760006
0.760282
0.760551
0.760812
0.761068
0.761322
0.761576
0.761831
0.76209
0.762354
0.762627
0.76291
0.763207
0.763519
0.76385
0.764201
0.764575
0.764976
0.765405
0.765864
0.766356
0.766884
0.767451
0.768059
0.76871
0.769405
0.770147
0.770939
0.771783
0.772681
0.773635
0.774644
0.775713
0.776841
0.77803
0.779282
0.780596
0.781972
0.783413
0.784918
0.786488
0.788121
0.789817
0.791577
0.793399
0.795283
0.797229
0.799235
0.801299
0.80342
0.805595
0.807822
0.8101
0.812426
0.814798
0.817213
0.819669
0.822161
0.824688
0.827246
0.829831
0.832439
0.83507
0.837717
0.840378
0.843048
0.845724
0.8484
0.851075
0.853743
0.856401
0.859044
0.861671
0.864277
0.866858
0.869407
0.871923
0.8744
0.876836
0.879228
0.881572
0.883865
0.886104
0.888286
0.890407
0.892464
0.894456
0.89638
0.898231
0.900008
0.901709
0.903331
0.904874
0.906334
0.90771
0.909003
0.91021
0.911331
0.912365
0.913311
0.914169
0.914938
0.915618
0.916208
0.916709
0.917121
0.917442
0.917675
0.917819
0.917877
0.917847
0.917731
0.917529
0.917243
0.916875
0.916425
0.915894
0.915284
0.914595
0.91383
0.912988
0.912071
0.91108
0.910017
0.908884
0.90768
0.906408
0.90507
0.903666
0.902198
0.900669
0.899081
0.897434
0.895732
0.893974
0.892162
0.890299
0.888386
0.886424
0.884415
0.882361
0.880265
0.878129
0.875955
0.873745
0.871501
0.869227
0.866923
0.864593
0.862237
0.85986
0.857466
0.855055
0.852631
0.850195
0.847753
0.845305
0.842858
0.840412
0.837971
0.835539
0.833117
0.830709
0.828317
0.825944
0.823595
0.821271
0.818977
0.816714
0.814486
0.812296
0.810146
0.80804
0.805981
0.803971
0.802013
0.800108
0.79826
0.796469
0.794739
0.793071
0.791466
0.789927
0.788455
0.787051
0.785717
0.784453
0.783261
0.782141
0.781095
0.780121
0.77922
0.778393
0.777639
0.776959
0.776353
0.775819
0.775356
0.774965
0.774642
0.774388
0.774201
0.77408
0.774024
0.77403
0.774097
0.774225
0.774409
0.774649
0.774942
0.775286
0.775679
0.776117
0.776599
0.777122
0.777685
0.778283
0.778916
0.779579
0.780271
0.780992
0.781737
0.782503
0.783291
0.784096
0.784915
0.785746
0.786586
0.787432
0.788282
0.789137
0.789992
0.790845
0.791694
0.792538
0.793374
0.794201
0.795018
0.795824
0.796617
0.797396
0.798161
0.798909
0.799641
0.800355
0.801052
0.80173
0.80239
0.803031
0.803653
0.804255
0.804838
0.805402
0.805946
0.80647
0.806974
0.807458
0.807923
0.80837
0.808798
0.809208
0.8096
0.809975
0.810335
0.810678
0.811006
0.811318
0.811615
0.811898
0.812168
0.812425
0.812668
0.812899
0.813117
0.813324
0.813521
0.813707
0.813883
0.814048
0.814203
0.814349
0.814486
0.814614
0.814735
0.814847
0.814952
0.815051
0.815143
0.815229
0.81531
0.815386
0.815458
0.815525
0.815588
0.815647
0.815703
0.815756
0.815808
0.815858
0.815906
0.815952
0.815998
0.816043
0.816088
0.816134
0.81618
0.816227
0.816275
0.816325
0.816378
0.816435
0.816494
0.816557
0.816624
0.816696
0.816773
0.816855
0.816943
0.817037
0.817137
0.817244
0.817358
0.817479
0.817606
0.817741
0.817884
0.818036
0.818196
0.818365
0.818543
0.818728
0.818922
0.819126
0.819339
0.81956
0.819791
0.820029
0.820277
0.820533
0.820797
0.82107
0.82135
0.821637
0.821933
0.822236
0.822546
0.822862
0.823185
0.823514
0.823849
0.824189
0.824535
0.824886
0.825241
0.8256
0.825962
0.826327
0.826695
0.827066
0.827436
0.827806
0.828175
0.828543
0.828908
0.829271
0.82963
0.829985
0.830338
0.830686
0.831028
0.831364
0.831693
0.832015
0.832328
0.832633
0.832928
0.833215
0.833492
0.833758
0.834012
0.834254
0.834484
0.834702
0.834906
0.835095
0.835269
0.835428
0.835569
0.835693
0.835798
0.835883
0.835948
0.835993
0.836016
0.836016
0.835994
0.835947
0.835874
0.835776
0.835651
0.835498
0.835318
0.83511
0.834872
0.834604
0.834305
0.833974
0.833612
0.833217
0.832789
0.832328
0.831832
0.831301
0.830734
0.830132
0.829494
0.828819
0.828109
0.827362
0.826577
0.825755
0.824894
0.823996
0.823061
0.822088
0.821078
0.820034
0.818954
0.817839
0.816688
0.815503
0.814284
0.813031
0.811748
0.810434
0.809092
0.807722
0.806325
0.804901
0.803452
0.80198
0.800486
0.798973
0.797441
0.795893
0.79433
0.792752
0.791163
0.789564
0.787957
0.786344
0.784726
0.783108
0.781491
0.779876
0.778265
0.776662
0.775068
0.773485
0.771916
0.770364
0.76883
0.767318
0.765828
0.764364
0.762928
0.761522
0.760148
0.758807
0.757503
0.756236
0.75501
0.753826
0.752687
0.751593
0.750545
0.749546
0.748596
0.747697
0.74685
0.746056
0.745315
0.744627
0.743995
0.740663
0.742237
0.747004
0.752719
0.757372
0.759583
0.758872
0.755652
0.751258
0.74754
0.746311
0.748725
0.754986
0.764325
0.775267
0.786096
0.795212
0.801419
0.804103
0.803151
0.798959
0.792468
0.784962
0.777854
0.772681
0.770727
0.772636
0.778213
0.786431
0.795843
0.804936
0.812435
0.81731
0.819033
0.817608
0.813391
0.807228
0.800444
0.794686
0.791677
0.792674
0.797933
0.80667
0.817245
0.827586
0.835675
0.839928
0.839594
0.83482
0.826401
0.815662
0.804166
0.793663
0.786063
0.782965
0.784984
0.791219
0.799632
0.807872
0.814156
0.817827
0.819226
0.819105
0.818032
0.815949
0.812369
0.806874
0.799451
0.790752
0.782052
0.774811
0.770249
0.76882
0.769963
0.772266
0.774044
0.774082
0.772437
0.770666
0.771108
0.775534
0.784144
0.795775
0.808866
0.822115
0.83444
0.844615
0.851207
0.852878
0.848749
0.838979
0.824857
0.808405
0.79167
0.776152
0.762543
0.751034
0.741709
0.7348
0.730682
0.729614
0.731613
0.736317
0.743128
0.751535
0.761182
0.771797
0.78311
0.794538
0.805241
0.814359
0.82119
0.825259
0.826402
0.824684
0.820387
0.814042
0.806325
0.797895
0.789457
0.781706
0.77559
0.772487
0.773839
0.780684
0.793086
0.809932
0.829183
0.848329
0.864826
0.876384
0.881171
0.877921
0.866153
0.846529
0.821017
0.792863
0.765931
0.743784
0.72871
0.721284
0.720737
0.725743
0.735038
0.747643
0.762432
0.777885
0.792079
0.803198
0.809904
0.811851
0.8098
0.805414
0.800848
0.79811
0.798608
0.802981
0.811
0.82156
0.832885
0.842888
0.849629
0.851651
0.848163
0.839168
0.82548
0.808882
0.791989
0.777866
0.769251
0.767834
0.773499
0.784367
0.797475
0.80988
0.819735
0.826866
0.832379
0.837479
0.842449
0.84633
0.847552
0.844835
0.83779
0.826853
0.812749
0.796065
0.777479
0.758212
0.74035
0.726516
0.718807
0.71793
0.722842
0.731183
0.740417
0.748929
0.75657
0.764392
0.773856
0.785835
0.800044
0.814841
0.827822
0.836851
0.840858
0.840269
0.836631
0.831547
0.825991
0.820315
0.814445
0.808041
0.800716
0.792425
0.783748
0.775895
0.7704
0.768713
0.77171
0.779422
0.791055
0.8051
0.819506
0.831962
0.840315
0.843094
0.839569
0.830024
0.815648
0.798451
0.780975
0.76582
0.754965
0.749306
0.748696
0.75227
0.759016
0.768037
0.778421
0.7891
0.798831
0.806505
0.811546
0.814123
0.815013
0.815259
0.815906
0.817648
0.820738
0.825129
0.830362
0.835682
0.840153
0.842887
0.843261
0.840932
0.83577
0.827782
0.817199
0.804598
0.790944
0.777551
0.765801
0.756787
0.750923
0.74792
0.746953
0.747073
0.747705
0.748755
0.750585
0.753802
0.758888
0.765803
0.773909
0.782058
0.788812
0.792943
0.793814
0.79158
0.787149
0.781931
0.777446
0.774947
0.775012
0.77753
0.782142
0.788719
0.797619
0.809408
0.824335
0.841677
0.859628
0.875613
0.887072
0.892156
0.890232
0.88164
0.867169
0.84764
0.823956
0.797364
0.769714
0.743522
0.721787
0.707456
0.702797
0.708746
0.724533
0.7476
0.774184
0.799974
0.821087
0.834709
0.83964
0.83642
0.827162
0.815121
0.803873
0.796336
0.793887
0.79605
0.800874
0.805967
0.809428
0.810403
0.809073
0.806153
0.80232
0.797963
0.793259
0.788464
0.784015
0.78034
0.777555
0.775364
0.773482
0.771904
0.770975
0.771183
0.772937
0.77636
0.781236
0.787082
0.793429
0.799913
0.806186
0.811787
0.815947
0.817756
0.816571
0.812346
0.805896
0.798791
0.792889
0.789739
0.7899
0.792729
0.796797
0.800581
0.803018
0.803493
0.801855
0.79839
0.793793
0.789222
0.786167
0.786249
0.790713
0.799762
0.812055
0.824932
0.835426
0.841516
0.842788
0.840123
0.83522
0.829916
0.825537
0.822549
0.820622
0.819048
0.817061
0.813927
0.808925
0.801341
0.790576
0.776357
0.759114
0.740248
0.722227
0.708201
0.700959
0.702035
0.711095
0.726251
0.744703
0.763659
0.780895
0.79494
0.805143
0.811567
0.814823
0.815784
0.815177
0.813387
0.810336
0.805811
0.799729
0.792432
0.784633
0.777359
0.771662
0.768529
0.768735
0.772737
0.780442
0.791211
0.803912
0.816964
0.828595
0.837182
0.841512
0.841081
0.836567
0.829707
0.822497
0.816101
0.810589
0.805597
0.80107
0.797314
0.794607
0.792898
0.791755
0.790681
0.789246
0.787203
0.78448
0.781078
0.777076
0.772673
0.768295
0.764659
0.762583
0.762645
0.764904
0.768736
0.773022
0.776475
0.778187
0.777921
0.776267
0.774464
0.773849
0.775398
0.779361
0.785176
0.791699
0.797694
0.802429
0.805946
0.809178
0.813603
0.820529
0.830212
0.841295
0.851162
0.856973
0.85672
0.849738
0.83663
0.818879
0.798386
0.77709
0.7567
0.738512
0.723361
0.711657
0.703504
0.698904
0.697802
0.700153
0.705791
0.714256
0.724678
0.73589
0.746645
0.756018
0.763626
0.769656
0.774772
0.779853
0.785775
0.793167
0.802252
0.812671
0.823742
0.834689
0.844824
0.853805
0.861687
0.868735
0.875113
0.880442
0.883652
0.883142
0.877364
0.865431
0.847573
0.82533
0.801454
0.779425
0.762471
0.752512
0.749522
0.751965
0.757509
0.763758
0.768675
0.770818
0.769608
0.765227
0.758406
0.750171
0.741715
0.734386
0.729718
0.729078
0.733211
0.741875
0.753865
0.767512
0.781049
0.79297
0.802305
0.808685
0.812228
0.813387
0.812796
0.811029
0.808482
0.805424
0.802339
0.799992
0.79933
0.800877
0.804214
0.808283
0.811962
0.814652
0.816424
0.817856
0.819802
0.822884
0.827084
0.8317
0.835598
0.837582
0.837061
0.834261
0.830101
0.825632
0.821454
0.817597
0.813832
0.810185
0.807546
0.80765
0.812481
0.822949
0.837996
0.854915
0.870566
0.882385
0.888588
0.888055
0.8803
0.865506
0.844695
0.819642
0.792838
0.76722
0.745755
0.730794
0.723452
0.723412
0.728985
0.737719
0.747075
0.75496
0.760004
0.761558
0.759839
0.755827
0.751287
0.748486
0.749621
0.755914
0.767114
0.781674
0.797366
0.812031
0.824099
0.832511
0.836623
0.836025
0.830604
0.820763
0.807527
0.792623
0.778303
0.767126
0.761358
0.76234
0.769863
0.781998
0.795547
0.80696
0.813309
0.812937
0.80585
0.79367
0.779142
0.765259
0.754347
0.747468
0.744468
0.744554
0.74713
0.752247
0.760406
0.772023
0.786953
0.804302
0.822575
0.840139
0.855705
0.868425
0.877795
0.883329
0.884581
0.881518
0.874879
0.866397
0.858175
0.851714
0.847029
0.84258
0.83607
0.825712
0.811152
0.793505
0.774953
0.757851
0.744128
0.735173
0.731666
0.733544
0.739974
0.749487
0.760209
0.770278
0.778117
0.782724
0.783798
0.781776
0.778055
0.774878
0.774791
0.77955
0.789215
0.802109
0.815534
0.826842
0.834108
0.836441
0.833783
0.82656
0.815594
0.802023
0.78739
0.773635
0.762708
0.756015
0.753873
0.755559
0.759929
0.765943
0.773035
0.780936
0.789321
0.797503
0.804473
0.80915
0.810845
0.809577
0.806198
0.802059
0.798474
0.796332
0.795967
0.797362
0.800226
0.804036
0.808058
0.811534
0.813772
0.814421
0.813565
0.811537
0.808765
0.805616
0.802375
0.799293
0.796551
0.794306
0.79274
0.792127
0.792707
0.794508
0.797073
0.799327
0.799844
0.797463
0.79167
0.783168
0.773724
0.765603
0.760631
0.759573
0.761971
0.766476
0.771434
0.775358
0.777349
0.777101
0.774721
0.770661
0.765733
0.761431
0.759814
0.762974
0.771953
0.786083
0.803285
0.82093
0.836901
0.850039
0.860045
0.867134
0.871588
0.873614
0.873229
0.870361
0.864871
0.856751
0.846297
0.834126
0.820982
0.807511
0.793998
0.780582
0.767529
0.755468
0.745465
0.738742
0.736263
0.738373
0.744693
0.754246
0.765819
0.778261
0.790664
0.802374
0.812959
0.822021
0.829155
0.833915
0.83591
0.835015
0.831403
0.825424
0.817511
0.808185
0.798246
0.788848
0.781491
0.77758
0.777655
0.780873
0.785063
0.78768
0.787037
0.782613
0.774954
0.765522
0.756535
0.750534
0.749694
0.754999
0.765846
0.780248
0.795503
0.809004
0.818892
0.824291
0.825362
0.823216
0.819503
0.815894
0.813506
0.812641
0.812784
0.813059
0.812526
0.810496
0.806439
0.799963
0.79097
0.779894
0.767722
0.755953
0.746348
0.740483
0.739323
0.743059
0.751088
0.762393
0.775895
0.790764
0.806495
0.822757
0.839057
0.854663
0.86849
0.879417
0.886635
0.889825
0.889248
0.885651
0.879921
0.872688
0.864036
0.853519
0.84093
0.826943
0.813065
0.800732
0.790614
0.782456
0.775599
0.769303
0.76282
0.75571
0.748293
0.741904
0.738449
0.73951
0.745482
0.75543
0.767475
0.779557
0.790101
0.798282
0.804029
0.807845
0.810508
0.812806
0.815346
0.818326
0.821355
0.823613
0.824172
0.822459
0.818494
0.812777
0.805864
0.798164
0.789949
0.781543
0.77355
0.766702
0.761577
0.758512
0.757665
0.759144
0.76304
0.769366
0.777903
0.788063
0.798997
0.809833
0.819827
0.828516
0.835613
0.84085
0.84394
0.844603
0.842623
0.838
0.830932
0.821731
0.810882
0.799254
0.788211
0.779511
0.77484
0.775255
0.780736
0.790117
0.80144
0.81248
0.821297
0.826691
0.828306
0.826523
0.822106
0.815784
0.808022
0.799124
0.78948
0.77976
0.770857
0.76392
0.760122
0.760482
0.765459
0.774588
0.786309
0.79821
0.807577
0.811934
0.809626
0.800295
0.785095
0.766718
0.748986
0.735754
0.72978
0.731945
0.741335
0.755989
0.77367
0.792383
0.810555
0.827054
0.840989
0.851619
0.858456
0.86114
0.859508
0.853637
0.844153
0.832355
0.820098
0.809184
0.800931
0.795992
0.794339
0.795379
0.79802
0.800934
0.802895
0.803174
0.801795
0.799546
0.797863
0.798364
0.802198
0.809431
0.818912
0.828523
0.835815
0.838873
0.836805
0.829942
0.819635
0.807805
0.796358
0.786831
0.780067
0.776304
0.775226
0.775923
0.77717
0.777754
0.776742
0.773712
0.768762
0.762516
0.756077
0.750811
0.748056
0.748648
0.752775
0.760031
0.769621
