0.8
0.787334
0.7503
0.691473
0.615049
0.526932
0.434565
0.346349
0.270495
0.213657
0.179601
0.168614
0.177821
0.202193
0.235798
0.272928
0.308834
0.340038
0.364369
0.380831
0.389465
0.391203
0.387727
0.381304
0.374484
0.369733
0.368983
0.373247
0.382468
0.395613
0.410968
0.42652
0.440328
0.450823
0.456975
0.458329
0.454958
0.447368
0.436367
0.422965
0.408356
0.393898
0.381163
0.371879
0.367713
0.369892
0.378806
0.393753
0.412946
0.433814
0.453538
0.469593
0.480144
0.484242
0.481835
0.473648
0.461014
0.445595
0.429159
0.413308
0.399308
0.388027
0.379972
0.375323
0.373927
0.375317
0.378815
0.383579
0.388736
0.393494
0.397218
0.399496
0.400159
0.399258
0.396943
0.393356
0.388566
0.382623
0.375718
0.368321
0.361215
0.35544
0.352071
0.352044
0.355957
0.363961
0.375709
0.390405
0.406907
0.423952
0.440324
0.454971
0.467029
0.47582
0.480829
0.481713
0.478356
0.470957
0.460068
0.446591
0.431646
0.416433
0.402049
0.389388
0.379111
0.371725
0.367627
0.367056
0.369937
0.375759
0.383572
0.392138
0.400169
0.406622
0.410855
0.412661
0.412207
0.409889
0.406205
0.401691
0.396893
0.392398
0.388811
0.386719
0.38658
0.388592
0.392543
0.397796
0.403425
0.408425
0.411906
0.413304
0.412454
0.409638
0.405537
0.401091
0.397309
0.395075
0.394939
0.397038
0.401131
0.406719
0.413248
0.420175
0.427053
0.433487
0.439056
0.443228
0.445327
0.4446
0.440335
0.432067
0.419765
0.403962
0.385811
0.367008
0.349637
0.335879
0.327623
0.32611
0.33172
0.343981
0.361733
0.383371
0.407035
0.430733
0.45245
0.470291
0.48261
0.488188
0.486397
0.477322
0.461778
0.441321
0.418106
0.394656
0.373542
0.356976
0.346457
0.342583
0.345119
0.353258
0.365885
0.381754
0.399535
0.417789
0.434954
0.44942
0.459695
0.464667
0.463786
0.457202
0.445742
0.430813
0.414155
0.397544
0.382541
0.370281
0.361438
0.356232
0.354611
0.356367
0.361169
0.368506
0.377586
0.387369
0.39677
0.404919
0.411372
0.41614
0.419571
0.422176
0.424429
0.426565
0.428501
0.4299
0.430347
0.42953
0.427374
0.424001
0.419645
0.414607
0.409211
0.403836
0.398907
0.394868
0.392106
0.390861
0.391175
0.39291
0.395813
0.399611
0.403989
0.408566
0.412796
0.41601
0.417533
0.416854
0.413794
0.408567
0.401797
0.394432
0.3876
0.382389
0.379578
0.37948
0.381986
0.386755
0.393342
0.401202
0.409655
0.417941
0.425289
0.431015
0.43468
0.43621
0.435918
0.434451
0.432623
0.431142
0.430346
0.430068
0.429628
0.428014
0.424212
0.417534
0.40787
0.395816
0.38261
0.369883
0.359283
0.352065
0.348803
0.349258
0.352545
0.35746
0.362914
0.368252
0.373342
0.378475
0.384179
0.39105
0.399541
0.409779
0.421337
0.433079
0.443268
0.449997
0.451816
0.448217
0.439742
0.427829
0.414396
0.401441
0.39077
0.383817
0.381531
0.384252
0.39165
0.402746
0.416028
0.4297
0.441948
0.451193
0.456292
0.45669
0.452476
0.444336
0.433383
0.420954
0.408423
0.397039
0.387845
0.381616
0.378786
0.379374
0.382941
0.388577
0.394976
0.400621
0.404063
0.404215
0.400634
0.393684
0.384491
0.374729
0.366246
0.360657
0.359036
0.361715
0.36828
0.377729
0.388758
0.400035
0.410422
0.419121
0.425749
0.430347
0.433281
0.435048
0.436106
0.436703
0.436841
0.436306
0.434828
0.43226
0.428749
0.424807
0.421216
0.418784
0.417981
0.418669
0.420048
0.420906
0.42004
0.416696
0.410779
0.40284
0.393847
0.384919
0.377078
0.371112
0.367526
0.366554
0.368208
0.372313
0.378531
0.386369
0.39522
0.404407
0.413217
0.42099
0.427127
0.431102
0.432512
0.431172
0.427238
0.421273
0.414235
0.407278
0.401508
0.397705
0.396187
0.396737
0.398701
0.401175
0.403263
0.4043
0.404042
0.402714
0.400944
0.399552
0.399361
0.400975
0.40459
0.409965
0.416529
0.423609
0.430563
0.436801
0.441736
0.444718
0.445077
0.442248
0.435974
0.426449
0.41438
0.400909
0.387448
0.375426
0.366026
0.359983
0.357483
0.358181
0.361357
0.366142
0.371753
0.377646
0.383499
0.389146
0.394497
0.399514
0.40419
0.40848
0.412237
0.415157
0.416799
0.416731
0.414715
0.410845
0.405626
0.399946
0.394972
0.391955
0.392006
0.395792
0.403279
0.413641
0.425354
0.436488
0.445173
0.450031
0.450459
0.446707
0.439748
0.430987
0.421915
0.413776
0.407363
0.402923
0.400206
0.398617
0.397416
0.395917
0.393665
0.390536
0.3868
0.383051
0.38005
0.378516
0.37889
0.38125
0.385361
0.390861
0.397464
0.405078
0.413762
0.423539
0.434117
0.44468
0.453857
0.459946
0.461304
0.456815
0.446192
0.430137
0.410243
0.388754
0.368198
0.3509
0.338699
0.332721
0.333307
0.340059
0.351954
0.367503
0.384972
0.402611
0.418857
0.43248
0.442652
0.449015
0.451661
0.451052
0.447896
0.442963
0.43693
0.430275
0.423286
0.416119
0.408881
0.401732
0.394901
0.388698
0.383431
0.379345
0.376545
0.374924
0.374234
0.374223
0.37481
0.376183
0.378815
0.383337
0.390303
0.399913
0.411798
0.424938
0.43778
0.448534
0.455511
0.457429
0.453617
0.444128
0.429741
0.411956
0.392921
0.375305
0.361899
0.354911
0.355197
0.361944
0.37305
0.385908
0.39812
0.40794
0.414444
0.417623
0.41827
0.417654
0.417071
0.417346
0.418561
0.420167
0.421334
0.421339
0.419805
0.416763
0.412606
0.407946
0.403442
0.399731
0.397356
0.396719
0.398029
0.401242
0.405999
0.411608
0.417144
0.421621
0.424253
0.42467
0.423022
0.419953
0.416399
0.413297
0.411328
0.410732
0.411292
0.412497
0.413709
0.414338
0.413953
0.412349
0.409551
0.405778
0.401386
0.396751
0.392138
0.38767
0.383353
0.37921
0.375385
0.372178
0.369986
0.369165
0.369924
0.372282
0.376088
0.381065
0.386899
0.393216
0.399551
0.405354
0.410072
0.413293
0.414908
0.415168
0.414592
0.413778
0.41318
0.412981
0.41309
0.413245
0.413159
0.412626
0.411558
0.410063
0.408528
0.407632
0.408251
0.411135
0.416514
0.423813
0.431646
0.438164
0.441537
0.44046
0.43446
0.423994
0.410333
0.395303
0.380916
0.369013
0.361007
0.357761
0.359538
0.366083
0.376584
0.389681
0.403583
0.416369
0.426436
0.432862
0.435527
0.434912
0.431762
0.426811
0.420671
0.413867
0.40701
0.400855
0.396207
0.393704
0.39357
0.395476
0.398618
0.401996
0.404768
0.406505
0.407253
0.40739
0.407439
0.407789
0.408526
0.409395
0.409949
0.409828
0.408979
0.407746
0.406738
0.406608
0.407793
0.410354
0.413951
0.417934
0.421515
0.423914
0.424472
0.422754
0.418588
0.412133
0.40388
0.394611
0.385314
0.377082
0.370994
0.367937
0.368372
0.372201
0.378784
0.387169
0.396331
0.405344
0.413452
0.420074
0.424802
0.427438
0.428056
0.42702
0.424876
0.422177
0.419285
0.416309
0.413176
0.409819
0.406329
0.402957
0.400043
0.397893
0.396716
0.39662
0.397641
0.399719
0.40263
0.405883
0.408709
0.410204
0.409617
0.406637
0.401546
0.395149
0.388533
0.382743
0.378518
0.376202
0.375776
0.37698
0.379482
0.382975
0.387254
0.392205
0.397795
0.404001
0.410729
0.417774
0.424789
0.431347
0.437013
0.441444
0.444482
0.446169
0.446743
0.446545
0.44589
0.44495
0.443688
0.441876
0.439165
0.435194
0.429707
0.422644
0.414197
0.404853
0.395298
0.386332
0.378708
0.372968
0.36935
0.367745
0.367747
0.368736
0.370045
0.371149
0.371806
0.372185
0.372783
0.374293
0.377342
0.382234
0.388794
0.396408
0.404161
0.411076
0.416286
0.419205
0.419591
0.417646
0.413977
0.409573
0.405607
0.403207
0.403183
0.4058
0.41075
0.417228
0.424115
0.430228
0.434561
0.436414
0.435533
0.432154
0.426988
0.421067
0.415503
0.411176
0.4085
0.407328
0.407064
0.406894
0.406089
0.404194
0.401177
0.397437
0.393688
0.390781
0.38944
0.39008
0.392687
0.396842
0.401798
0.406631
0.410422
0.412438
0.412258
0.409854
0.405523
0.39984
0.393533
0.387389
0.382179
0.378601
0.377145
0.377973
0.380855
0.385191
0.390143
0.394927
0.399042
0.402405
0.405329
0.408319
0.411883
0.416292
0.421437
0.426777
0.431477
0.434612
0.43542
0.43351
0.428966
0.422308
0.414405
0.406305
0.39905
0.393507
0.390239
0.389417
0.390824
0.393926
0.39801
0.402252
0.405835
0.408013
0.408191
0.406027
0.401557
0.39531
0.388295
0.381896
0.377585
0.376572
0.379444
0.385989
0.395211
0.40554
0.41522
0.422732
0.427119
0.428187
0.426522
0.423246
0.419725
0.417207
0.416489
0.417748
0.420562
0.424122
0.427477
0.429802
0.430532
0.42944
0.426652
0.422566
0.417755
0.412827
0.408303
0.40456
0.40178
0.399903
0.398654
0.397565
0.396086
0.393725
0.390183
0.38545
0.379857
0.374052
0.368893
0.365299
0.364084
0.365748
0.370368
0.377558
0.38654
0.396267
0.405643
0.41369
0.419737
0.423546
0.425322
0.425654
0.425357
0.425278
0.4261
0.428177
0.431418
0.435271
0.438803
0.440891
0.440504
0.436946
0.429999
0.41999
0.40772
0.39433
0.381102
0.369307
0.360071
0.354291
0.352605
0.355271
0.362127
0.372537
0.385388
0.399188
0.412233
0.422865
0.429747
0.432073
0.429732
0.423318
0.41401
0.4034
0.393271
0.385295
0.380784
0.380455
0.384309
0.391637
0.401174
0.411339
0.420501
0.427244
0.430618
0.43029
0.426609
0.420544
0.413432
0.4067
0.40157
0.398835
0.398761
0.40109
0.405134
0.409921
0.414391
0.417608
0.41896
0.418252
0.415692
0.41183
0.407413
0.403272
0.40018
0.398722
0.399145
0.401282
0.404549
0.408102
0.411072
0.412748
0.412693
0.410751
0.407015
0.401782
0.395576
0.389152
0.383429
0.379353
0.377706
0.378895
0.382819
0.388892
0.396175
0.403612
0.410252
0.415411
0.41872
0.420086
0.419621
0.417606
0.414461
0.410731
0.407041
0.404035
0.402267
0.402092
0.403581
0.406501
