-6.13384
-6.13007
-6.12659
-6.12362
-6.12142
-6.11992
-6.11866
-6.11933
-6.12048
-6.12114
-6.12272
-6.12569
-6.1277
-6.12918
-6.12975
-6.12857
-6.12742
-6.12716
-6.12634
-6.12611
-6.12499
-6.12408
-6.12347
-6.12291
-6.12306
-6.12517
-6.12717
-6.12794
-6.12927
-6.12941
-6.1299
-6.13009
-6.13001
-6.13006
-6.12936
-6.13058
-6.1299
-6.12868
-6.12792
-6.12831
-6.12791
-6.12773
-6.1278
-6.12846
-6.13032
-6.13197
-6.13295
-6.13439
-6.13385
-6.13452
-6.13413
-6.13373
-6.13313
-6.13214
-6.1312
-6.13043
-6.12893
-6.12865
-6.12799
-6.12787
-6.1279
-6.12836
-6.12887
-6.12937
-6.12951
-6.13084
-6.13142
-6.13186
-6.13185
-6.13206
-6.13154
-6.13001
-6.12879
-6.12857
-6.12869
-6.12819
-6.12704
-6.12655
-6.12611
-6.12577
-6.12622
-6.12489
-6.12566
-6.12622
-6.12716
-6.12873
-6.12956
-6.13024
-6.13105
-6.13168
-6.1331
-6.13309
-6.13297
-6.13308
-6.13345
-6.13185
-6.13089
-6.13032
-6.13019
-6.12957
-6.1288
-6.12853
-6.12873
-6.12872
-6.1288
-6.12765
-6.12882
-6.13
-6.13113
-6.13183
-6.13074
-6.13074
-6.13122
-6.13156
-6.1312
-6.13084
-6.13086
-6.13029
-6.12884
-6.12843
-6.12811
-6.12756
-6.12807
-6.12834
-6.12898
-6.13027
-6.13051
-6.13064
-6.13029
-6.13012
-6.13016
-6.12917
-6.12949
-6.12957
-6.12977
-6.12948
-6.13031
-6.13059
-6.13093
-6.1319
-6.13249
-6.13299
-6.13276
-6.13343
-6.13307
-6.13264
-6.1328
-6.13254
-6.13184
-6.13135
-6.12981
-6.12887
-6.12764
-6.1272
-6.12665
-6.12671
-6.12711
-6.12749
-6.12876
-6.12983
-6.13055
-6.13147
-6.13185
-6.13261
-6.13404
-6.13453
-6.1344
-6.13432
-6.13338
-6.13165
-6.13151
-6.12982
-6.12863
-6.12709
-6.12655
-6.12608
-6.12663
-6.12713
-6.12843
-6.13007
-6.13066
-6.13174
-6.1336
-6.13366
-6.13319
-6.13345
-6.13446
-6.13392
-6.13319
-6.13298
-6.13145
-6.13
-6.12905
-6.12866
-6.1279
-6.12837
-6.12807
-6.1279
-6.12779
-6.12866
-6.12886
-6.12902
-6.12944
-6.13009
-6.13124
-6.13126
-6.13112
-6.13121
-6.12997
-6.13039
-6.13023
-6.13015
-6.13077
-6.13011
-6.13038
-6.13058
-6.13009
-6.12989
-6.13066
-6.1305
-6.12973
-6.12933
-6.12865
-6.12837
-6.12847
-6.12864
-6.1295
-6.12974
-6.13126
-6.12984
-6.12999
-6.13074
-6.13048
-6.13079
-6.13101
-6.13113
-6.13115
-6.13015
-6.13012
-6.13048
-6.13033
-6.13
-6.12985
-6.13017
-6.13057
-6.13097
-6.13166
-6.13132
-6.13155
-6.13169
-6.13172
-6.13163
-6.13272
-6.13244
-6.13211
-6.13181
-6.13158
-6.13115
-6.13148
-6.13157
-6.13135
-6.13138
-6.13063
-6.13037
-6.12932
-6.12854
-6.1278
-6.12753
-6.12781
-6.12738
-6.12813
-6.12774
-6.12801
-6.12883
-6.12948
-6.1293
-6.12997
-6.1309
-6.13185
-6.13157
-6.13235
-6.13322
-6.13316
-6.1334
-6.13353
-6.13375
-6.13303
-6.13205
-6.13189
-6.1311
-6.13047
-6.13075
-6.13036
-6.13059
-6.13106
-6.13106
-6.1318
-6.13255
-6.13286
-6.13265
-6.13284
-6.13275
-6.13239
-6.13184
-6.13148
-6.13044
-6.13044
-6.13026
-6.12962
-6.12983
-6.13025
-6.12954
-6.12994
-6.12946
-6.1303
-6.13079
-6.13118
-6.13106
-6.13041
-6.12952
-6.12942
-6.12952
-6.12864
-6.12789
-6.1293
-6.12839
-6.12905
-6.12926
-6.12958
-6.13086
-6.13137
-6.13138
-6.1315
-6.13144
-6.1322
-6.13256
-6.13256
-6.13293
-6.13207
-6.13258
-6.1325
-6.13277
-6.13204
-6.13191
-6.1311
-6.13062
-6.13051
-6.13051
-6.13128
-6.13086
-6.13111
-6.13128
-6.13097
-6.13078
-6.13077
-6.1307
-6.13034
-6.13043
-6.12972
-6.13014
-6.13005
-6.12941
-6.12979
-6.13051
-6.13025
-6.13092
-6.13088
-6.1314
-6.13246
-6.13181
-6.1317
-6.13181
-6.13088
-6.13019
-6.13108
-6.1297
-6.12902
-6.12943
-6.12969
-6.1298
-6.13037
-6.13071
-6.1304
-6.13098
-6.13016
-6.13015
-6.13003
-6.12984
-6.12966
-6.12986
-6.12986
-6.13031
-6.1312
-6.13214
-6.13308
-6.1333
-6.13343
-6.1341
-6.13435
-6.1342
-6.13363
-6.13296
-6.13219
-6.13071
-6.12987
-6.12943
-6.12913
-6.12838
-6.12883
-6.12818
-6.12865
-6.12918
-6.13002
-6.13012
-6.12945
-6.1293
-6.12872
-6.12906
-6.12871
-6.12867
-6.13025
-6.13052
-6.13079
-6.12975
-6.1303
-6.12917
-6.12926
-6.12866
-6.12933
-6.12941
-6.12992
-6.12929
-6.1295
-6.13054
-6.13107
-6.13165
-6.13215
-6.13377
-6.13382
-6.13357
-6.1334
-6.1334
-6.13241
-6.13185
-6.13148
-6.13133
-6.1314
-6.13161
-6.13158
-6.13155
-6.13176
-6.13155
-6.1309
-6.13146
-6.13035
-6.12991
-6.13051
-6.13057
-6.13107
-6.13101
-6.13001
-6.1303
-6.12989
-6.13039
-6.13119
-6.13102
-6.13151
-6.13134
-6.13173
-6.13195
-6.13161
-6.131
-6.13019
-6.12926
-6.12838
-6.12767
-6.12727
-6.12788
-6.1279
-6.12855
-6.1291
-6.12976
-6.13041
-6.13126
-6.13127
-6.132
-6.13279
-6.13333
-6.13399
-6.13351
-6.1336
-6.13335
-6.1325
-6.13174
-6.13045
-6.13057
-6.13077
-6.13103
-6.13132
-6.1313
-6.13098
-6.13101
-6.13043
-6.13023
-6.13007
-6.12929
-6.12948
-6.12931
-6.12943
-6.12887
-6.12929
-6.12944
-6.13
-6.13098
-6.13138
-6.13209
-6.13333
-6.1334
-6.13289
-6.13243
-6.13175
-6.13027
-6.13004
-6.12924
-6.12796
-6.12826
-6.12763
-6.12808
-6.12859
-6.12902
-6.13073
-6.13252
-6.13329
-6.13367
-6.13406
-6.13327
-6.1334
-6.1323
-6.13202
-6.13227
-6.13203
-6.13122
-6.131
-6.13099
-6.13086
-6.13097
-6.13041
-6.12988
-6.13041
-6.13039
-6.13079
-6.13063
-6.13054
-6.13018
-6.1308
-6.13139
-6.13189
-6.1313
-6.13121
-6.1313
-6.13163
-6.1313
-6.13135
-6.13121
-6.13089
-6.13103
-6.13058
-6.13046
-6.12994
-6.12967
-6.13026
-6.13014
-6.12996
-6.1301
-6.12993
-6.12884
-6.12878
-6.1278
-6.12717
-6.12719
-6.12689
-6.12692
-6.12635
-6.12615
-6.12665
-6.1272
-6.12809
-6.12736
-6.12755
-6.12803
-6.12877
-6.12946
-6.12909
-6.12962
-6.13006
-6.12982
-6.12959
-6.13039
-6.13097
-6.13097
-6.13006
-6.12979
-6.13047
-6.1311
-6.13072
-6.12999
-6.12991
-6.1302
-6.13056
-6.13073
-6.1307
-6.13075
-6.1311
-6.1313
-6.1322
-6.13282
-6.13287
-6.13182
-6.13142
-6.13019
-6.12952
-6.12916
-6.12941
-6.12927
-6.12896
-6.12971
-6.13014
-6.13177
-6.13227
-6.13219
-6.13151
-6.13152
-6.13069
-6.13012
-6.13055
-6.1298
-6.1298
-6.12991
-6.12945
-6.12972
-6.1288
-6.1293
-6.12926
-6.12961
-6.1306
-6.13053
-6.13063
-6.13059
-6.13045
-6.13061
-6.12984
-6.12947
-6.12982
-6.12955
-6.13025
-6.13088
-6.13177
-6.13262
-6.13189
-6.13123
-6.13099
-6.13117
-6.1317
-6.13189
-6.13297
-6.13264
-6.13187
-6.13163
-6.13099
-6.1303
-6.12994
-6.12931
-6.12909
-6.12869
-6.12943
-6.13
-6.13073
-6.12961
-6.12982
-6.13061
-6.13095
-6.13275
-6.13312
-6.13367
-6.13316
-6.13225
-6.13163
-6.13131
-6.13103
-6.1305
-6.13071
-6.13066
-6.13032
-6.13063
-6.12995
-6.13057
-6.13024
-6.13028
-6.13006
-6.12987
-6.13035
-6.13084
-6.13068
-6.13082
-6.13092
-6.13156
-6.13175
-6.13148
-6.1308
-6.1298
-6.12987
-6.12911
-6.12884
-6.13001
-6.12996
-6.1296
-6.12954
-6.12976
-6.13058
-6.132
-6.13178
-6.13285
-6.13295
-6.13271
-6.13342
-6.13377
-6.13373
-6.13363
-6.13314
-6.13293
-6.13305
-6.13254
-6.13175
-6.13134
-6.13129
-6.13092
-6.13086
-6.13075
-6.13156
-6.13037
-6.12981
-6.12958
-6.12908
-6.12771
-6.12774
-6.12789
-6.12814
-6.12878
-6.12942
-6.12873
-6.12795
-6.12869
-6.12869
-6.1296
-6.12986
-6.12791
-6.12767
-6.12851
-6.12813
-6.12808
-6.12926
-6.12935
-6.12961
-6.12909
-6.12975
-6.12905
-6.12965
-6.12934
-6.12883
-6.12978
-6.13059
-6.13058
-6.13097
-6.13103
-6.13101
-6.13115
-6.13111
-6.13188
-6.13154
-6.13114
-6.13106
-6.13073
-6.13022
-6.13052
-6.13001
-6.13024
-6.13017
-6.12938
-6.12978
-6.1307
-6.13023
-6.12973
-6.12959
-6.13018
-6.13025
-6.12947
-6.13007
-6.12973
-6.13065
-6.12985
-6.12957
-6.12916
-6.12958
-6.12927
-6.12828
-6.12829
-6.12804
-6.1279
-6.12722
-6.12666
-6.12718
-6.1278
-6.12781
-6.12815
-6.12712
-6.12727
-6.12665
-6.12787
-6.12775
-6.12863
-6.12892
-6.12963
-6.12974
-6.12987
-6.12962
-6.13088
-6.13103
-6.13105
-6.13099
-6.13025
-6.12956
-6.12931
-6.12888
-6.12765
-6.12785
-6.12881
-6.13014
-6.13147
-6.13177
-6.13197
-6.13205
-6.13168
-6.13185
-6.13126
-6.12963
-6.12927
-6.12798
-6.12779
-6.12745
-6.12767
-6.12777
-6.12898
-6.12989
-6.13102
-6.13131
-6.13197
-6.13207
-6.1323
-6.13147
-6.13067
-6.13002
-6.12957
-6.13029
-6.13084
-6.13082
-6.13109
-6.13062
-6.13195
-6.13185
-6.13164
-6.13072
-6.12981
-6.12958
-6.12943
-6.12969
-6.12907
-6.12917
-6.13028
-6.13074
-6.13086
-6.13028
-6.12993
-6.12918
-6.12902
-6.12916
-6.12932
-6.12891
-6.1283
-6.12847
-6.12781
-6.12854
-6.12866
-6.12909
-6.12942
-6.1296
-6.13092
-6.13111
-6.13084
-6.13051
-6.13051
-6.12992
-6.13074
-6.13039
-6.13016
-6.13033
-6.13053
-6.13132
-6.13134
-6.1312
-6.13154
-6.1311
-6.13027
-6.12913
-6.12872
-6.1275
-6.12744
-6.12821
-6.12755
-6.12802
-6.12924
-6.12924
-6.12924
-6.12951
-6.13093
-6.13183
-6.13152
-6.13126
-6.13046
-6.13046
-6.1291
-6.12843
-6.12726
-6.12695
-6.12722
-6.12776
-6.12788
-6.12912
-6.13009
-6.13165
-6.1324
-6.13293
-6.13224
-6.13261
-6.13216
-6.13193
-6.13107
-6.1316
-6.13102
-6.13034
-6.13018
-6.12952
-6.12959
-6.12998
-6.1303
-6.13048
-6.13083
-6.1307
-6.13142
-6.13079
-6.12984
-6.12993
-6.13044
-6.1301
-6.13118
-6.13139
-6.13134
-6.13129
-6.13216
-6.13194
-6.13159
-6.13176
-6.1312
-6.13027
-6.12934
-6.12909
-6.12858
-6.12849
-6.12789
-6.12839
-6.12968
-6.12977
-6.12987
-6.13122
-6.13147
-6.13092
-6.13053
-6.13068
-6.13139
-6.13077
-6.12984
-6.12958
-6.12938
-6.12925
-6.13019
-6.13025
-6.12943
-6.12997
-6.1312
-6.13208
-6.13226
