-6.59036
-6.58584
-6.5898
-6.59757
-6.60449
-6.61117
-6.61309
-6.6116
-6.60583
-6.59694
-6.5926
-6.59254
-6.59707
-6.60668
-6.62169
-6.63755
-6.65656
-6.66824
-6.67641
-6.67988
-6.67793
-6.67251
-6.6648
-6.65511
-6.64497
-6.63632
-6.63297
-6.63609
-6.64235
-6.65237
-6.66589
-6.681
-6.69256
-6.69813
-6.69893
-6.69667
-6.6903
-6.68248
-6.6717
-6.664
-6.65906
-6.66185
-6.67228
-6.68449
-6.70241
-6.71804
-6.73131
-6.73703
-6.73259
-6.7232
-6.71012
-6.69411
-6.67722
-6.66144
-6.65256
-6.6477
-6.65179
-6.66001
-6.67276
-6.6833
-6.69332
-6.69715
-6.69994
-6.69894
-6.69784
-6.69616
-6.69084
-6.68263
-6.67189
-6.65744
-6.64322
-6.63204
-6.62663
-6.62526
-6.62953
-6.63431
-6.63742
-6.63686
-6.63521
-6.63434
-6.63389
-6.64118
-6.65498
-6.67145
-6.69119
-6.71035
-6.72731
-6.74084
-6.75007
-6.75176
-6.74468
-6.72893
-6.70887
-6.68272
-6.65578
-6.636
-6.61524
-6.59636
-6.58271
-6.57274
-6.5683
-6.56749
-6.57125
-6.57737
-6.58753
-6.60035
-6.61466
-6.63201
-6.64904
-6.66516
-6.68039
-6.69538
-6.70298
-6.70832
-6.71381
-6.71147
-6.70338
-6.69296
-6.68123
-6.66854
-6.65593
-6.64545
-6.63695
-6.63319
-6.63761
-6.651
-6.67102
-6.69422
-6.7239
-6.75142
-6.77622
-6.79006
-6.79643
-6.78964
-6.76717
-6.73733
-6.70133
-6.65707
-6.61587
-6.58457
-6.56084
-6.55211
-6.55448
-6.56239
-6.57786
-6.59913
-6.6212
-6.644
-6.66333
-6.68169
-6.69102
-6.69489
-6.69035
-6.68425
-6.67689
-6.67449
-6.6758
-6.68359
-6.69577
-6.71056
-6.72653
-6.7402
-6.75065
-6.75354
-6.74779
-6.73319
-6.71402
-6.68921
-6.66245
-6.64063
-6.62903
-6.62932
-6.63715
-6.65465
-6.67439
-6.6927
-6.7077
-6.71903
-6.72749
-6.73384
-6.74187
-6.74611
-6.74709
-6.74269
-6.72826
-6.71004
-6.68911
-6.66342
-6.63274
-6.60389
-6.57687
-6.55725
-6.54573
-6.54378
-6.55314
-6.56853
-6.583
-6.59593
-6.60668
-6.61921
-6.63375
-6.65664
-6.67527
-6.69704
-6.71507
-6.72984
-6.73477
-6.73299
-6.73078
-6.72207
-6.71532
-6.70615
-6.69729
-6.68789
-6.67578
-6.6629
-6.64895
-6.63709
-6.62804
-6.62422
-6.62879
-6.63876
-6.65701
-6.67893
-6.69814
-6.71862
-6.73039
-6.73364
-6.73
-6.71582
-6.694
-6.6696
-6.64227
-6.62072
-6.60421
-6.59457
-6.59565
-6.60026
-6.60949
-6.62328
-6.63899
-6.65527
-6.67092
-6.68174
-6.68858
-6.69245
-6.69491
-6.69559
-6.69993
-6.70339
-6.70791
-6.71401
-6.72226
-6.72888
-6.737
-6.73884
-6.73836
-6.7351
-6.72596
-6.71485
-6.6996
-6.68015
-6.65734
-6.63838
-6.62045
-6.60546
-6.59616
-6.59299
-6.59047
-6.59076
-6.59208
-6.59245
-6.59471
-6.60044
-6.61095
-6.61929
-6.63284
-6.6469
-6.65801
-6.66244
-6.66066
-6.65593
-6.64906
-6.64124
-6.63636
-6.63168
-6.63184
-6.63791
-6.64608
-6.65821
-6.67292
-6.69172
-6.71326
-6.73725
-6.76277
-6.78526
-6.80321
-6.81045
-6.80749
-6.79399
-6.77341
-6.74407
-6.70866
-6.66815
-6.62865
-6.58982
-6.55619
-6.5331
-6.52768
-6.5385
-6.56316
-6.59889
-6.64024
-6.67782
-6.70982
-6.72802
-6.73638
-6.73111
-6.71656
-6.69773
-6.67995
-6.66871
-6.66678
-6.66734
-6.6764
-6.68163
-6.68713
-6.68853
-6.68592
-6.67975
-6.67455
-6.6673
-6.65794
-6.64818
-6.64224
-6.64011
-6.63539
-6.63087
-6.62744
-6.62708
-6.6255
-6.6257
-6.62664
-6.63234
-6.6408
-6.65
-6.66118
-6.67122
-6.68154
-6.68947
-6.69639
-6.69901
-6.69579
-6.68871
-6.67979
-6.67015
-6.66195
-6.65577
-6.65519
-6.6607
-6.6675
-6.67433
-6.67708
-6.67553
-6.67309
-6.66961
-6.66425
-6.65751
-6.65102
-6.65076
-6.65849
-6.67495
-6.69336
-6.71154
-6.72801
-6.73674
-6.73959
-6.73416
-6.72727
-6.71776
-6.71301
-6.70872
-6.70367
-6.69936
-6.69593
-6.69035
-6.68348
-6.67264
-6.65436
-6.6322
-6.60759
-6.57955
-6.55451
-6.53433
-6.52691
-6.52817
-6.54251
-6.56659
-6.59453
-6.6251
-6.64894
-6.66946
-6.68353
-6.69134
-6.6942
-6.69569
-6.69426
-6.69302
-6.68953
-6.68186
-6.6722
-6.65983
-6.64813
-6.63835
-6.63045
-6.62524
-6.62804
-6.63624
-6.64896
-6.66452
-6.68666
-6.70582
-6.72227
-6.73522
-6.74005
-6.73903
-6.7308
-6.71871
-6.70797
-6.69982
-6.69198
-6.6839
-6.67655
-6.67009
-6.66522
-6.66181
-6.66046
-6.65849
-6.65626
-6.65051
-6.64567
-6.64144
-6.63569
-6.62905
-6.62319
-6.61823
-6.61379
-6.6139
-6.61824
-6.62479
-6.63085
-6.63549
-6.64003
-6.63807
-6.63547
-6.63188
-6.63091
-6.6323
-6.63891
-6.64847
-6.65728
-6.66482
-6.67593
-6.68172
-6.68794
-6.6939
-6.7057
-6.72024
-6.73592
-6.74932
-6.7582
-6.7578
-6.74666
-6.72651
-6.69933
-6.66835
-6.63708
-6.60545
-6.58019
-6.55699
-6.54094
-6.52698
-6.52093
-6.51915
-6.5261
-6.53438
-6.54614
-6.56068
-6.57525
-6.59025
-6.60633
-6.6178
-6.62633
-6.63328
-6.6426
-6.65102
-6.66333
-6.67816
-6.69426
-6.7109
-6.72951
-6.74261
-6.75849
-6.7692
-6.77869
-6.78847
-6.79754
-6.80223
-6.8011
-6.7896
-6.77303
-6.7448
-6.71066
-6.67326
-6.64142
-6.61436
-6.60084
-6.59698
-6.59934
-6.60824
-6.61949
-6.62685
-6.63022
-6.62758
-6.61993
-6.60812
-6.5963
-6.58336
-6.57299
-6.56456
-6.56299
-6.57024
-6.58513
-6.60316
-6.62438
-6.64357
-6.65981
-6.67468
-6.68446
-6.69067
-6.6921
-6.69003
-6.68627
-6.68397
-6.68064
-6.67509
-6.67241
-6.66979
-6.67307
-6.67697
-6.68341
-6.68784
-6.69203
-6.69524
-6.69935
-6.70176
-6.70884
-6.71818
-6.72476
-6.72942
-6.73204
-6.72926
-6.72576
-6.71973
-6.71304
-6.70651
-6.7027
-6.69705
-6.68905
-6.68375
-6.68384
-6.69289
-6.71005
-6.73376
-6.75851
-6.78383
-6.80147
-6.80885
-6.8073
-6.79556
-6.76913
-6.73681
-6.69879
-6.65855
-6.6199
-6.58919
-6.5672
-6.5567
-6.55762
-6.56663
-6.57805
-6.59329
-6.60574
-6.61313
-6.6159
-6.6103
-6.6031
-6.59704
-6.59199
-6.59344
-6.60497
-6.62305
-6.64652
-6.67036
-6.69271
-6.71097
-6.72233
-6.72879
-6.72555
-6.71671
-6.70199
-6.68273
-6.65933
-6.63846
-6.62269
-6.6124
-6.61363
-6.62674
-6.64346
-6.66402
-6.68314
-6.69173
-6.68948
-6.67761
-6.66073
-6.63819
-6.61768
-6.60123
-6.5912
-6.58884
-6.59099
-6.59554
-6.60234
-6.6154
-6.63335
-6.65554
-6.68311
-6.71052
-6.73632
-6.75865
-6.77693
-6.79109
-6.79942
-6.8055
-6.79835
-6.78797
-6.77353
-6.76042
-6.75006
-6.74288
-6.73574
-6.72614
-6.70964
-6.68657
-6.65851
-6.63171
-6.60482
-6.58391
-6.57061
-6.56943
-6.57203
-6.5829
-6.59683
-6.6123
-6.62781
-6.63946
-6.64487
-6.64661
-6.64676
-6.63753
-6.63403
-6.63487
-6.64375
-6.65662
-6.67883
-6.6985
-6.71561
-6.7245
-6.7266
-6.72221
-6.70945
-6.69382
-6.67319
-6.6535
-6.63284
-6.61507
-6.60637
-6.60477
-6.6081
-6.61464
-6.6232
-6.63366
-6.64755
-6.65692
-6.66909
-6.67959
-6.6849
-6.68892
-6.68824
-6.68199
-6.67448
-6.67154
-6.66956
-6.66895
-6.67
-6.67416
-6.67899
-6.68531
-6.68779
-6.69157
-6.69101
-6.69244
-6.6899
-6.68664
-6.68253
-6.67768
-6.67374
-6.66905
-6.66479
-6.66387
-6.66278
-6.66288
-6.66735
-6.6706
-6.67544
-6.67585
-6.67016
-6.66033
-6.64762
-6.63382
-6.62168
-6.61447
-6.6112
-6.61489
-6.62151
-6.63018
-6.63614
-6.63589
-6.63485
-6.62873
-6.62341
-6.61826
-6.61497
-6.61378
-6.61903
-6.63337
-6.65616
-6.68253
-6.70887
-6.73181
-6.75137
-6.76754
-6.77906
-6.78472
-6.78934
-6.78775
-6.78015
-6.77151
-6.7596
-6.74653
-6.72678
-6.706
-6.68611
-6.6639
-6.64381
-6.62432
-6.60548
-6.58959
-6.57847
-6.57576
-6.57928
-6.58964
-6.60404
-6.62257
-6.64258
-6.66015
-6.67919
-6.69551
-6.7095
-6.71922
-6.72921
-6.73112
-6.72741
-6.72161
-6.71394
-6.70311
-6.6867
-6.67211
-6.65789
-6.64761
-6.64136
-6.64075
-6.64492
-6.65146
-6.65466
-6.6541
-6.64498
-6.63407
-6.61951
-6.60306
-6.59697
-6.59661
-6.60709
-6.62406
-6.64598
-6.6678
-6.68697
-6.69986
-6.70695
-6.70733
-6.70505
-6.69971
-6.6941
-6.69334
-6.69224
-6.69449
-6.69484
-6.69483
-6.68989
-6.68282
-6.67272
-6.65888
-6.64234
-6.62242
-6.60658
-6.59199
-6.5832
-6.58318
-6.58916
-6.60371
-6.62042
-6.63996
-6.66177
-6.68579
-6.71217
-6.73561
-6.75818
-6.78018
-6.7993
-6.80952
-6.81469
-6.81298
-6.80689
-6.79933
-6.79022
-6.77473
-6.75767
-6.73721
-6.71484
-6.69319
-6.67663
-6.65952
-6.64752
-6.63867
-6.63054
-6.62074
-6.60707
-6.59372
-6.58347
-6.58017
-6.58056
-6.59151
-6.60591
-6.62736
-6.64405
-6.65825
-6.67079
-6.67843
-6.68263
-6.68781
-6.69223
-6.69707
-6.69997
-6.70511
-6.7109
-6.7111
-6.70817
-6.70095
-6.69216
-6.68262
-6.66969
-6.65731
-6.64309
-6.63155
-6.62247
-6.61508
-6.60886
-6.60761
-6.61018
-6.61769
-6.62494
-6.63836
-6.65313
-6.6699
-6.68478
-6.69992
-6.71144
-6.72183
-6.73035
-6.73594
-6.73816
-6.73479
-6.72715
-6.7175
-6.70308
-6.68824
-6.67046
-6.65379
-6.64189
-6.63592
-6.63928
-6.64948
-6.66399
-6.68173
-6.69873
-6.70988
-6.71676
-6.71928
-6.71615
-6.70661
-6.69883
-6.68538
-6.67123
-6.65703
-6.64347
-6.62871
-6.61805
-6.61292
-6.61317
-6.62196
-6.63488
-6.65202
-6.66936
-6.68572
-6.69199
-6.6865
-6.67053
-6.64735
-6.62123
-6.5957
-6.57679
-6.56742
-6.5725
-6.58784
-6.60849
-6.63691
-6.66499
-6.69142
-6.71585
-6.73759
-6.7517
-6.76232
-6.76668
-6.76261
-6.75353
-6.73884
-6.71965
-6.70329
-6.6853
-6.6708
-6.66488
-6.66415
-6.66539
-6.67143
-6.67476
-6.67716
-6.67731
-6.67665
-6.67293
-6.67062
-6.67182
-6.68005
-6.69199
-6.70477
-6.71642
-6.72683
-6.7323
-6.7281
-6.71815
-6.702
-6.68451
-6.66818
-6.65588
-6.64522
-6.63839
-6.63647
-6.63703
-6.63921
-6.64217
-6.63745
-6.63421
-6.62524
-6.61608
-6.60715
-6.60084
-6.59814
-6.59827
-6.60464
-6.61658
-6.62995
