-7.33384
-7.31107
-7.25204
-7.16083
-7.04399
-6.91031
-6.77051
-6.63885
-6.52623
-6.44163
-6.39213
-6.37861
-6.39443
-6.43247
-6.48345
-6.53796
-6.59067
-6.63721
-6.67289
-6.69736
-6.70919
-6.71088
-6.70506
-6.69486
-6.68479
-6.67976
-6.68064
-6.68781
-6.70297
-6.72283
-6.74635
-6.76987
-6.7905
-6.8063
-6.81482
-6.81807
-6.81234
-6.79973
-6.78247
-6.76275
-6.74044
-6.71857
-6.69955
-6.68628
-6.68189
-6.68681
-6.70116
-6.72502
-6.75327
-6.78524
-6.81444
-6.83812
-6.85335
-6.8585
-6.85396
-6.84091
-6.82045
-6.79704
-6.77173
-6.74783
-6.72686
-6.7104
-6.69882
-6.69236
-6.6904
-6.69382
-6.69964
-6.70723
-6.71495
-6.7223
-6.72737
-6.72925
-6.72903
-6.72746
-6.72411
-6.71822
-6.70989
-6.70049
-6.68969
-6.67825
-6.66804
-6.65805
-6.65376
-6.65428
-6.66109
-6.67467
-6.69312
-6.71584
-6.74141
-6.7676
-6.79359
-6.81555
-6.83351
-6.84681
-6.8547
-6.85442
-6.84843
-6.83676
-6.82029
-6.79945
-6.77627
-6.75318
-6.7318
-6.71281
-6.69747
-6.68524
-6.68026
-6.68058
-6.68604
-6.69547
-6.7061
-6.71895
-6.73147
-6.7415
-6.74748
-6.74983
-6.74917
-6.74513
-6.73814
-6.73097
-6.72345
-6.71616
-6.71129
-6.70841
-6.70885
-6.71315
-6.71933
-6.72733
-6.73543
-6.74275
-6.74802
-6.74913
-6.74818
-6.74403
-6.73808
-6.73112
-6.72627
-6.7232
-6.72334
-6.72746
-6.73418
-6.74307
-6.75263
-6.76369
-6.77365
-6.78287
-6.79138
-6.79738
-6.79983
-6.79825
-6.79031
-6.77697
-6.75729
-6.73314
-6.70536
-6.67722
-6.65156
-6.63131
-6.6202
-6.61899
-6.62813
-6.64744
-6.67445
-6.70766
-6.7446
-6.78063
-6.81307
-6.83976
-6.8573
-6.86394
-6.8611
-6.8458
-6.8213
-6.78907
-6.75371
-6.71807
-6.68694
-6.66259
-6.64812
-6.64395
-6.64834
-6.66162
-6.68243
-6.70629
-6.73249
-6.76014
-6.78689
-6.80805
-6.82273
-6.82998
-6.82713
-6.8158
-6.79766
-6.77488
-6.74914
-6.72469
-6.70188
-6.68332
-6.66995
-6.66301
-6.66078
-6.66357
-6.6712
-6.68285
-6.69762
-6.71231
-6.72628
-6.73859
-6.74703
-6.7546
-6.75958
-6.76341
-6.76741
-6.76995
-6.77313
-6.77543
-6.77561
-6.77418
-6.77172
-6.7665
-6.75919
-6.75124
-6.74247
-6.73412
-6.72683
-6.72094
-6.71766
-6.71603
-6.71802
-6.7192
-6.72371
-6.73016
-6.73646
-6.74364
-6.75021
-6.75514
-6.75745
-6.75543
-6.75081
-6.74333
-6.73302
-6.72165
-6.71125
-6.70375
-6.69993
-6.70019
-6.70464
-6.71145
-6.72156
-6.73349
-6.7462
-6.75854
-6.77066
-6.77896
-6.78413
-6.78612
-6.78546
-6.78282
-6.78041
-6.77828
-6.77687
-6.77648
-6.77507
-6.77239
-6.76564
-6.75485
-6.73961
-6.72126
-6.70173
-6.6822
-6.66706
-6.65584
-6.65121
-6.65272
-6.6583
-6.66549
-6.67434
-6.68328
-6.69186
-6.69928
-6.70862
-6.71979
-6.73247
-6.74807
-6.76553
-6.78337
-6.79793
-6.80705
-6.80962
-6.80342
-6.79008
-6.77249
-6.75196
-6.73275
-6.71721
-6.70679
-6.7041
-6.70892
-6.72033
-6.73677
-6.75688
-6.7773
-6.79532
-6.80863
-6.81591
-6.81547
-6.80915
-6.79676
-6.77969
-6.76126
-6.74288
-6.7251
-6.71171
-6.70188
-6.69848
-6.69985
-6.70559
-6.71393
-6.72287
-6.73046
-6.73551
-6.73584
-6.72959
-6.71841
-6.70603
-6.69049
-6.67842
-6.67025
-6.66814
-6.67343
-6.68379
-6.69797
-6.71464
-6.73149
-6.74784
-6.76124
-6.77118
-6.77845
-6.78199
-6.78516
-6.78666
-6.78782
-6.7873
-6.78637
-6.78335
-6.77901
-6.77364
-6.76772
-6.7631
-6.75903
-6.75808
-6.75928
-6.76104
-6.76214
-6.76083
-6.75574
-6.74651
-6.7347
-6.72049
-6.70752
-6.69567
-6.68608
-6.68108
-6.68035
-6.68256
-6.68939
-6.69867
-6.71095
-6.72529
-6.73842
-6.75152
-6.7633
-6.77157
-6.77684
-6.77985
-6.77646
-6.76988
-6.76134
-6.75104
-6.74071
-6.73263
-6.72726
-6.72468
-6.72609
-6.72821
-6.73192
-6.73493
-6.73629
-6.73572
-6.73394
-6.73128
-6.72964
-6.73024
-6.73361
-6.73997
-6.74825
-6.75822
-6.76951
-6.7802
-6.7894
-6.79623
-6.80003
-6.7998
-6.79408
-6.78383
-6.7691
-6.7507
-6.72975
-6.71
-6.69132
-6.67768
-6.66915
-6.66624
-6.66739
-6.67149
-6.67851
-6.68635
-6.69553
-6.70396
-6.71239
-6.72199
-6.72979
-6.73707
-6.74247
-6.74865
-6.7519
-6.75446
-6.75375
-6.75141
-6.74568
-6.73836
-6.72921
-6.72196
-6.71847
-6.71908
-6.72533
-6.73707
-6.75423
-6.77185
-6.7883
-6.80116
-6.80845
-6.8081
-6.80191
-6.7911
-6.77781
-6.76427
-6.75228
-6.74263
-6.73593
-6.73207
-6.72947
-6.72702
-6.72533
-6.72085
-6.71571
-6.71071
-6.70514
-6.70114
-6.69878
-6.69835
-6.70217
-6.70793
-6.71668
-6.72739
-6.73864
-6.75215
-6.76665
-6.7829
-6.79897
-6.8124
-6.82092
-6.82214
-6.81449
-6.79766
-6.77288
-6.74263
-6.71101
-6.68019
-6.6549
-6.63715
-6.62884
-6.63037
-6.64135
-6.6592
-6.68326
-6.71025
-6.73725
-6.76227
-6.78223
-6.79758
-6.80688
-6.80999
-6.80832
-6.8023
-6.79501
-6.78617
-6.77644
-6.76625
-6.75548
-6.7443
-6.73361
-6.72278
-6.71328
-6.70521
-6.6983
-6.69429
-6.6917
-6.69078
-6.6902
-6.6915
-6.69371
-6.69822
-6.70599
-6.71683
-6.73195
-6.75103
-6.77081
-6.78956
-6.80523
-6.81501
-6.81641
-6.81047
-6.79543
-6.77257
-6.74619
-6.71701
-6.69103
-6.67144
-6.66138
-6.66352
-6.67544
-6.69286
-6.71253
-6.73124
-6.74518
-6.75507
-6.75874
-6.75943
-6.75875
-6.75764
-6.75723
-6.75884
-6.76124
-6.76286
-6.76298
-6.76011
-6.75503
-6.74932
-6.7423
-6.73595
-6.73023
-6.72658
-6.72526
-6.72784
-6.73325
-6.74089
-6.74871
-6.75692
-6.76373
-6.76801
-6.7683
-6.76589
-6.76114
-6.75549
-6.75097
-6.74757
-6.74655
-6.74688
-6.74841
-6.75083
-6.75164
-6.75089
-6.74862
-6.74426
-6.73751
-6.73086
-6.72293
-6.71538
-6.7087
-6.70192
-6.69574
-6.68942
-6.68441
-6.68163
-6.68095
-6.68298
-6.68578
-6.69168
-6.69962
-6.70912
-6.71928
-6.72842
-6.73765
-6.74517
-6.74976
-6.75195
-6.75315
-6.75286
-6.75164
-6.74983
-6.74926
-6.7501
-6.75096
-6.75046
-6.74893
-6.74725
-6.74529
-6.74336
-6.74218
-6.74308
-6.74746
-6.75587
-6.76701
-6.77967
-6.79006
-6.79517
-6.79251
-6.78311
-6.76618
-6.74502
-6.72211
-6.70079
-6.68279
-6.67047
-6.66636
-6.66944
-6.6809
-6.69714
-6.71671
-6.73688
-6.75607
-6.77035
-6.77941
-6.78384
-6.78216
-6.77744
-6.77013
-6.76046
-6.75052
-6.73931
-6.73058
-6.72357
-6.72017
-6.72095
-6.72374
-6.72856
-6.73358
-6.7376
-6.74037
-6.74072
-6.74055
-6.74097
-6.74124
-6.74304
-6.74497
-6.74669
-6.74736
-6.74535
-6.74284
-6.7411
-6.74108
-6.74339
-6.74742
-6.7539
-6.75954
-6.76414
-6.7675
-6.7677
-6.76443
-6.75782
-6.74751
-6.73491
-6.72061
-6.7074
-6.69562
-6.68722
-6.68152
-6.68238
-6.68891
-6.69913
-6.71351
-6.72761
-6.74169
-6.75334
-6.76237
-6.76883
-6.77247
-6.77312
-6.77103
-6.76802
-6.76392
-6.75925
-6.75509
-6.74971
-6.74529
-6.73973
-6.73472
-6.73012
-6.72671
-6.72542
-6.72577
-6.72714
-6.7304
-6.73486
-6.74039
-6.74481
-6.74678
-6.74523
-6.73976
-6.73219
-6.72183
-6.71164
-6.70412
-6.69773
-6.6939
-6.69321
-6.69523
-6.6998
-6.70646
-6.71266
-6.72116
-6.72964
-6.73871
-6.74952
-6.76043
-6.77092
-6.78065
-6.78866
-6.7951
-6.79977
-6.80179
-6.80186
-6.80115
-6.80012
-6.79835
-6.79639
-6.79356
-6.7903
-6.78316
-6.77437
-6.76355
-6.75038
-6.73499
-6.72069
-6.70739
-6.69621
-6.68823
-6.68345
-6.68034
-6.67957
-6.68179
-6.68376
-6.68632
-6.68757
-6.68619
-6.68685
-6.68995
-6.69414
-6.70143
-6.71245
-6.72396
-6.73585
-6.7457
-6.75418
-6.75786
-6.75903
-6.75581
-6.74979
-6.74414
-6.739
-6.73539
-6.73575
-6.73973
-6.74713
-6.75699
-6.76728
-6.77722
-6.78338
-6.78576
-6.78436
-6.77896
-6.7707
-6.76212
-6.75326
-6.74701
-6.74292
-6.74038
-6.74037
-6.74104
-6.73937
-6.73602
-6.73135
-6.72633
-6.72078
-6.71564
-6.71423
-6.71485
-6.71968
-6.72512
-6.73227
-6.7391
-6.74521
-6.74793
-6.74667
-6.74307
-6.73633
-6.72765
-6.71752
-6.70774
-6.70045
-6.6957
-6.69353
-6.69511
-6.6984
-6.70506
-6.71186
-6.72026
-6.72631
-6.73224
-6.73692
-6.7421
-6.74757
-6.75431
-6.76178
-6.77105
-6.77825
-6.78297
-6.78412
-6.78051
-6.77301
-6.76277
-6.75049
-6.7371
-6.72642
-6.71907
-6.7155
-6.7156
-6.71801
-6.72286
-6.72907
-6.73506
-6.7406
-6.74328
-6.74192
-6.73831
-6.73032
-6.72075
-6.7099
-6.70051
-6.69415
-6.69384
-6.69905
-6.71001
-6.72412
-6.74028
-6.7549
-6.76639
-6.77214
-6.77296
-6.76981
-6.76444
-6.75988
-6.75665
-6.75555
-6.75772
-6.76146
-6.76813
-6.77306
-6.77634
-6.77652
-6.77397
-6.76955
-6.76328
-6.75632
-6.74831
-6.74162
-6.73712
-6.73341
-6.73072
-6.72826
-6.72628
-6.72331
-6.71961
-6.71443
-6.7075
-6.6987
-6.68938
-6.68181
-6.67576
-6.67466
-6.67728
-6.68464
-6.69576
-6.70941
-6.72532
-6.73957
-6.75138
-6.76012
-6.76583
-6.7679
-6.76922
-6.76842
-6.76808
-6.76948
-6.77279
-6.77844
-6.78424
-6.7894
-6.79288
-6.79186
-6.78569
-6.77413
-6.75871
-6.73908
-6.71893
-6.69987
-6.68151
-6.66812
-6.66068
-6.65815
-6.66215
-6.6727
-6.68974
-6.70992
-6.7303
-6.74961
-6.76475
-6.77508
-6.77721
-6.77303
-6.76224
-6.74796
-6.73232
-6.71767
-6.70582
-6.7003
-6.70077
-6.70811
-6.71985
-6.73469
-6.74925
-6.76337
-6.77302
-6.77786
-6.7765
-6.77152
-6.76184
-6.75048
-6.74023
-6.73188
-6.72785
-6.72813
-6.73193
-6.73818
-6.74571
-6.75229
-6.75784
-6.75923
-6.75722
-6.75347
-6.74818
-6.74122
-6.73608
-6.73166
-6.72942
-6.73001
-6.73408
-6.73876
-6.74374
-6.74837
-6.75032
-6.74931
-6.74547
-6.73962
-6.73126
-6.72186
-6.71161
-6.70354
-6.69871
-6.69633
-6.69822
-6.70545
-6.71481
-6.72518
-6.73595
-6.74605
-6.7545
-6.75885
-6.75997
-6.75901
-6.75579
-6.75094
-6.74628
-6.74081
-6.73548
-6.73337
-6.73433
-6.73745
-6.74201
