-5.47437
-5.47485
-5.47644
-5.47706
-5.47541
-5.47512
-5.47372
-5.47329
-5.47236
-5.47006
-5.47129
-5.47307
-5.47399
-5.4742
-5.4752
-5.47465
-5.47741
-5.47542
-5.47428
-5.47373
-5.4732
-5.47407
-5.47609
-5.47767
-5.47819
-5.47729
-5.47688
-5.47714
-5.47503
-5.47273
-5.47213
-5.47359
-5.47391
-5.47216
-5.47038
-5.47026
-5.47022
-5.47164
-5.47103
-5.47197
-5.47154
-5.47283
-5.47538
-5.47449
-5.47654
-5.47666
-5.47779
-5.47713
-5.4732
-5.47096
-5.47052
-5.47062
-5.47097
-5.47095
-5.47347
-5.47326
-5.47431
-5.47318
-5.47331
-5.47149
-5.47209
-5.47041
-5.4711
-5.47028
-5.4708
-5.47223
-5.47229
-5.47231
-5.47271
-5.47131
-5.47014
-5.46982
-5.47125
-5.47203
-5.47458
-5.47591
-5.47636
-5.47574
-5.47655
-5.47834
-5.47723
-5.47788
-5.47876
-5.47779
-5.47789
-5.47718
-5.47565
-5.47392
-5.47326
-5.47244
-5.47155
-5.47046
-5.47158
-5.47011
-5.46827
-5.47177
-5.47143
-5.4698
-5.47015
-5.47054
-5.47228
-5.47307
-5.47383
-5.4729
-5.47284
-5.47305
-5.47289
-5.47432
-5.47438
-5.47336
-5.47253
-5.47385
-5.47119
-5.47043
-5.47421
-5.47444
-5.4728
-5.4719
-5.47174
-5.4717
-5.47175
-5.47289
-5.47356
-5.47446
-5.47685
-5.47998
-5.48139
-5.47932
-5.48013
-5.47893
-5.47898
-5.47549
-5.47467
-5.47275
-5.46794
-5.46753
-5.4698
-5.46778
-5.46698
-5.46889
-5.46778
-5.47018
-5.47338
-5.47377
-5.47531
-5.47766
-5.47755
-5.47718
-5.47521
-5.47689
-5.47617
-5.47711
-5.47565
-5.47613
-5.47562
-5.47733
-5.47789
-5.47912
-5.47927
-5.47822
-5.4772
-5.47586
-5.47621
-5.47607
-5.47555
-5.47444
-5.4758
-5.47588
-5.47447
-5.47383
-5.47516
-5.47757
-5.4769
-5.4781
-5.47818
-5.47788
-5.4781
-5.47873
-5.47892
-5.47762
-5.47819
-5.47661
-5.47577
-5.47544
-5.47158
-5.46976
-5.46998
-5.46932
-5.46652
-5.46657
-5.46635
-5.46747
-5.46752
-5.46688
-5.46887
-5.47176
-5.47238
-5.47254
-5.47183
-5.47262
-5.47296
-5.47789
-5.4752
-5.47478
-5.47334
-5.47457
-5.47349
-5.47259
-5.47583
-5.47475
-5.47633
-5.47567
-5.47562
-5.47583
-5.4747
-5.47427
-5.47332
-5.47324
-5.47244
-5.47115
-5.47123
-5.46963
-5.47043
-5.47128
-5.46888
-5.47067
-5.46992
-5.469
-5.47064
-5.47079
-5.47053
-5.47193
-5.47081
-5.47199
-5.47176
-5.47061
-5.47261
-5.47186
-5.47096
-5.47123
-5.47136
-5.47162
-5.47268
-5.47198
-5.47126
-5.47126
-5.47239
-5.4727
-5.47607
-5.47692
-5.4768
-5.47631
-5.47671
-5.47535
-5.47677
-5.47451
-5.47347
-5.4737
-5.4723
-5.47318
-5.47381
-5.47325
-5.47093
-5.47205
-5.47175
-5.47028
-5.46977
-5.47111
-5.47004
-5.47015
-5.47052
-5.46931
-5.46883
-5.46974
-5.47262
-5.47059
-5.47198
-5.47381
-5.47479
-5.47303
-5.46994
-5.46856
-5.46834
-5.46835
-5.47019
-5.46926
-5.46933
-5.47161
-5.47287
-5.47513
-5.47649
-5.47761
-5.47676
-5.47473
-5.47333
-5.47184
-5.47261
-5.47221
-5.47214
-5.47153
-5.47266
-5.47261
-5.47273
-5.4721
-5.47408
-5.47453
-5.47351
-5.47192
-5.47349
-5.47538
-5.47636
-5.47749
-5.47896
-5.47786
-5.47819
-5.47595
-5.47692
-5.47648
-5.47582
-5.47505
-5.47414
-5.4742
-5.47594
-5.47327
-5.47508
-5.47268
-5.47298
-5.47293
-5.47231
-5.47052
-5.47107
-5.47036
-5.46805
-5.46548
-5.46622
-5.4696
-5.46906
-5.46783
-5.46722
-5.46923
-5.46904
-5.46892
-5.46723
-5.4678
-5.46895
-5.46938
-5.47104
-5.47136
-5.47226
-5.47179
-5.47247
-5.47237
-5.47093
-5.47019
-5.47095
-5.47197
-5.47262
-5.47116
-5.47034
-5.47161
-5.47231
-5.47346
-5.47255
-5.47029
-5.47031
-5.47202
-5.47356
-5.47368
-5.47177
-5.47139
-5.47242
-5.47531
-5.47527
-5.47414
-5.47488
-5.47446
-5.47541
-5.47397
-5.47444
-5.47288
-5.4747
-5.4749
-5.47274
-5.47079
-5.47034
-5.46946
-5.4701
-5.47062
-5.4685
-5.46767
-5.46892
-5.46918
-5.47117
-5.47202
-5.47547
-5.47512
-5.47587
-5.47722
-5.47747
-5.47962
-5.4776
-5.47705
-5.47581
-5.47399
-5.47197
-5.47201
-5.47149
-5.47294
-5.47403
-5.47314
-5.4726
-5.47118
-5.47118
-5.47232
-5.47296
-5.47244
-5.47494
-5.47713
-5.4783
-5.47771
-5.48079
-5.48037
-5.47938
-5.47945
-5.47778
-5.47741
-5.47595
-5.47415
-5.47422
-5.47566
-5.47609
-5.47551
-5.47495
-5.47412
-5.47331
-5.47246
-5.47283
-5.47247
-5.47239
-5.4697
-5.46895
-5.46983
-5.47007
-5.47004
-5.47074
-5.47124
-5.46992
-5.46994
-5.47088
-5.47168
-5.47132
-5.47078
-5.47275
-5.47118
-5.47107
-5.47019
-5.47013
-5.46921
-5.46986
-5.47071
-5.46973
-5.46828
-5.47229
-5.47281
-5.47417
-5.4735
-5.47491
-5.47493
-5.47397
-5.47258
-5.47275
-5.47272
-5.47205
-5.47156
-5.47101
-5.47077
-5.47144
-5.4704
-5.47243
-5.47195
-5.47346
-5.47172
-5.47258
-5.47245
-5.47587
-5.47569
-5.47476
-5.47366
-5.47141
-5.47028
-5.4723
-5.47236
-5.47184
-5.47113
-5.47281
-5.47235
-5.47357
-5.47478
-5.47526
-5.47529
-5.47748
-5.47537
-5.47778
-5.47667
-5.47559
-5.4758
-5.47687
-5.47675
-5.47639
-5.47356
-5.47489
-5.47345
-5.47266
-5.47108
-5.47229
-5.47066
-5.47207
-5.4727
-5.47139
-5.47198
-5.47385
-5.47383
-5.474
-5.47317
-5.47209
-5.47052
-5.47104
-5.47079
-5.47141
-5.46998
-5.46938
-5.47042
-5.47232
-5.47236
-5.47311
-5.47199
-5.47036
-5.47122
-5.47143
-5.47233
-5.47202
-5.47084
-5.46973
-5.47125
-5.4725
-5.47158
-5.47242
-5.47079
-5.47176
-5.47065
-5.47099
-5.46989
-5.47006
-5.47061
-5.47257
-5.47206
-5.47452
-5.47755
-5.47721
-5.47602
-5.47567
-5.47367
-5.47436
-5.47458
-5.47459
-5.47433
-5.4763
-5.4763
-5.47378
-5.47243
-5.47237
-5.47417
-5.47562
-5.47676
-5.47613
-5.47798
-5.47789
-5.47596
-5.47522
-5.47511
-5.47087
-5.46977
-5.46933
-5.46929
-5.46907
-5.47056
-5.47101
-5.47152
-5.4725
-5.47316
-5.47147
-5.47268
-5.4733
-5.47312
-5.47357
-5.47054
-5.46936
-5.47011
-5.46926
-5.46901
-5.4711
-5.47238
-5.474
-5.47431
-5.47466
-5.47482
-5.47356
-5.47385
-5.47151
-5.4708
-5.47085
-5.47144
-5.47039
-5.47101
-5.472
-5.47037
-5.47012
-5.47195
-5.47046
-5.4707
-5.4727
-5.47177
-5.47008
-5.46884
-5.47023
-5.46947
-5.46979
-5.46971
-5.47
-5.47214
-5.47416
-5.47485
-5.47397
-5.47479
-5.47532
-5.47511
-5.47666
-5.47666
-5.47611
-5.47509
-5.47429
-5.4744
-5.47443
-5.47863
-5.47607
-5.47565
-5.47394
-5.47315
-5.47249
-5.47234
-5.47187
-5.47203
-5.47107
-5.46984
-5.46825
-5.46928
-5.46805
-5.46772
-5.46785
-5.47193
-5.47171
-5.47293
-5.4726
-5.47198
-5.47239
-5.47228
-5.47078
-5.47091
-5.4741
-5.47045
-5.47171
-5.47268
-5.47443
-5.4728
-5.47567
-5.47519
-5.47534
-5.47334
-5.47194
-5.47153
-5.46961
-5.47043
-5.47015
-5.47241
-5.47238
-5.471
-5.47234
-5.47396
-5.47477
-5.47475
-5.47429
-5.4741
-5.47615
-5.47293
-5.47283
-5.47288
-5.47117
-5.47265
-5.47387
-5.47269
-5.4714
-5.47383
-5.47506
-5.475
-5.47396
-5.47382
-5.47293
-5.47322
-5.47049
-5.47092
-5.46938
-5.47209
-5.4726
-5.47349
-5.47411
-5.47411
-5.4748
-5.47422
-5.47333
-5.47475
-5.47459
-5.47381
-5.47559
-5.47499
-5.47645
-5.47608
-5.47396
-5.47283
-5.47287
-5.47324
-5.47328
-5.47352
-5.47184
-5.47193
-5.47179
-5.47303
-5.4731
-5.46986
-5.4692
-5.46664
-5.46741
-5.46966
-5.47282
-5.47406
-5.47457
-5.47544
-5.47703
-5.4776
-5.47748
-5.47646
-5.47632
-5.47747
-5.47836
-5.47734
-5.47892
-5.47791
-5.47461
-5.47421
-5.47447
-5.47708
-5.47559
-5.47453
-5.47484
-5.4729
-5.47293
-5.47303
-5.47228
-5.4714
-5.47036
-5.47137
-5.47172
-5.47261
-5.47267
-5.47384
-5.47519
-5.47415
-5.47563
-5.47608
-5.47646
-5.47549
-5.47833
-5.47726
-5.47489
-5.47451
-5.47581
-5.47685
-5.47442
-5.47474
-5.47462
-5.47538
-5.47499
-5.47427
-5.47361
-5.47387
-5.47314
-5.47355
-5.47106
-5.47164
-5.47122
-5.46826
-5.47117
-5.47206
-5.4746
-5.47529
-5.47561
-5.47454
-5.47346
-5.47152
-5.47051
-5.46929
-5.47022
-5.47046
-5.47026
-5.47308
-5.47328
-5.47531
-5.47525
-5.47604
-5.47415
-5.47316
-5.47278
-5.47242
-5.4725
-5.47083
-5.47265
-5.47247
-5.47248
-5.47419
-5.47457
-5.47708
-5.47683
-5.47612
-5.47562
-5.47605
-5.47804
-5.47702
-5.47619
-5.47744
-5.48017
-5.47957
-5.47995
-5.47911
-5.47841
-5.47945
-5.48118
-5.47868
-5.47739
-5.47581
-5.47442
-5.4736
-5.47553
-5.4736
-5.47384
-5.47527
-5.47658
-5.47651
-5.4735
-5.47128
-5.47061
-5.4725
-5.4713
-5.47328
-5.47277
-5.47615
-5.47471
-5.4731
-5.47337
-5.47238
-5.47086
-5.47205
-5.47302
-5.47406
-5.47248
-5.47308
-5.47548
-5.47484
-5.47449
-5.47321
-5.473
-5.47383
-5.47244
-5.47238
-5.47078
-5.47122
-5.47242
-5.47271
-5.47109
-5.47111
-5.47147
-5.47313
-5.4709
-5.47151
-5.47104
-5.47141
-5.47003
-5.47018
-5.46867
-5.46841
-5.46908
-5.47003
-5.47126
-5.47086
-5.47015
-5.4711
-5.47049
-5.47192
-5.47158
-5.47148
-5.47262
-5.47366
-5.47639
-5.47838
-5.47881
-5.47957
-5.48001
-5.47794
-5.47672
-5.47682
-5.47637
-5.47345
-5.47515
-5.47334
-5.47255
-5.47281
-5.47383
-5.47243
-5.47217
-5.47274
-5.47244
-5.47377
-5.473
-5.47256
-5.47204
-5.47436
-5.47409
-5.47206
-5.47008
-5.46971
-5.47115
-5.47222
-5.47316
-5.47275
-5.47458
-5.47584
-5.47451
-5.47641
-5.47642
-5.47559
-5.47526
-5.47611
-5.47427
-5.47464
-5.47497
-5.47335
-5.47307
-5.47262
-5.47112
-5.47314
-5.47153
-5.46941
-5.47089
-5.47264
-5.47232
-5.4744
-5.47336
-5.47282
-5.47254
-5.47396
-5.47361
-5.47383
-5.47427
-5.47675
-5.47784
-5.4764
-5.47363
-5.4731
-5.47399
-5.47289
-5.47323
-5.47254
-5.4728
-5.47365
-5.47564
-5.47512
-5.47394
-5.47363
-5.47315
-5.47346
-5.47554
-5.47234
-5.47365
-5.4721
-5.47231
-5.47304
-5.47462
-5.47605
-5.4753
-5.47548
-5.47654
-5.47552
