15 0 0
15 0.064633 0
15 0.129266 0
15 0.193899 0
15 0.258532 0
15 0.323165 0
15 0.387798 0
15 0.452431 0
15 0.517064 0
15 0.581697 0
15 0.64633 0
15 0.710963 0
15 0.775596 0
15 0.84023 0
15 0.904863 0.122254
15 0.969496 0.787518
15 1.03413 1.72349
15 1.09876 1.85265
15 1.16339 1.77504
15 1.22803 1.48393
15 1.29266 1.31725
15 1.35729 1.15616
15 1.42193 1.23555
15 1.48656 1.09272
15 1.55119 1.00715
15 1.61583 1.01534
15 1.68046 0.919818
15 1.74509 0.904927
15 1.80973 0.970352
15 1.87436 0.963627
15 1.93899 0.953296
15 2.00362 0.899182
15 2.06826 0.977119
15 2.13289 0.895133
15 2.19752 0.993417
15 2.26216 0.948906
15 2.32679 0.918665
15 2.39142 0.935355
15 2.45606 0.902714
15 2.52069 0.914876
15 2.58532 0.954821
15 2.64995 0.98065
15 2.71459 0.923843
15 2.77922 0.937199
15 2.84385 0.900858
15 2.90849 0.91461
15 2.97312 0.919513
15 3.03775 0.906126
15 3.10239 0.932231
15 3.16702 0.938771
15 3.23165 0.905528
15 3.29629 0.938161
15 3.36092 0.923528
15 3.42555 0.919784
15 3.49018 0.941712
15 3.55482 0.927401
15 3.61945 0.917338
15 3.68408 0.93995
15 3.74872 0.92494
15 3.81335 0.940994
15 3.87798 0.928589
15 3.94262 0.944511
15 4.00725 0.944051
15 4.07188 0.919262
15 4.13651 0.937242
15 4.20115 0.949089
15 4.26578 0.943099
15 4.33041 0.953557
15 4.39505 0.940314
15 4.45968 0.91142
15 4.52431 0.942316
15 4.58895 0.937257
15 4.65358 0.937538
15 4.71821 0.939677
15 4.78285 0.930193
15 4.84748 0.938148
15 4.91211 0.915993
15 4.97674 0.939554
15 5.04138 0.941623
15 5.10601 0.937475
15 5.17064 0.94191
15 5.23528 0.943282
15 5.29991 0.951664
15 5.36454 0.915646
15 5.42918 0.936979
15 5.49381 0.966156
15 5.55844 0.943888
15 5.62307 0.936745
15 5.68771 0.935817
15 5.75234 0.9379
15 5.81697 0.939674
15 5.88161 0.93298
15 5.94624 0.941942
15 6.01087 0.931654
15 6.07551 0.95529
15 6.14014 0.957325
15 6.20477 0.953906
15 6.2694 0.942987
15 6.33404 0.941877
15 6.39867 0.949316
