18 0 0
18 0.064633 0
18 0.129266 0
18 0.193899 0
18 0.258532 0
18 0.323165 0
18 0.387798 0
18 0.452431 0
18 0.517064 0
18 0.581697 0
18 0.64633 0
18 0.710963 0
18 0.775596 0
18 0.84023 0
18 0.904863 0.112233
18 0.969496 0.885513
18 1.03413 1.57681
18 1.09876 1.84691
18 1.16339 1.71401
18 1.22803 1.5158
18 1.29266 1.33342
18 1.35729 1.2115
18 1.42193 1.13463
18 1.48656 1.04488
18 1.55119 1.07865
18 1.61583 0.979984
18 1.68046 0.974913
18 1.74509 0.923113
18 1.80973 0.892325
18 1.87436 0.916326
18 1.93899 0.930562
18 2.00362 0.920093
18 2.06826 0.926681
18 2.13289 0.930211
18 2.19752 0.924594
18 2.26216 0.966371
18 2.32679 0.919033
18 2.39142 0.941302
18 2.45606 0.917355
18 2.52069 0.961459
18 2.58532 0.935482
18 2.64995 0.911139
18 2.71459 0.937624
18 2.77922 0.919273
18 2.84385 0.891772
18 2.90849 0.923077
18 2.97312 0.884709
18 3.03775 0.92595
18 3.10239 0.916608
18 3.16702 0.938977
18 3.23165 0.914241
18 3.29629 0.906508
18 3.36092 0.912319
18 3.42555 0.917835
18 3.49018 0.942396
18 3.55482 0.924595
18 3.61945 0.946363
18 3.68408 0.913433
18 3.74872 0.933738
18 3.81335 0.913288
18 3.87798 0.941164
18 3.94262 0.922854
18 4.00725 0.932244
18 4.07188 0.918626
18 4.13651 0.91984
18 4.20115 0.923094
18 4.26578 0.934608
18 4.33041 0.940449
18 4.39505 0.938997
18 4.45968 0.924125
18 4.52431 0.935255
18 4.58895 0.924426
18 4.65358 0.934587
18 4.71821 0.923878
18 4.78285 0.917043
18 4.84748 0.943691
18 4.91211 0.923787
18 4.97674 0.949053
18 5.04138 0.940865
18 5.10601 0.974287
18 5.17064 0.94191
18 5.23528 0.935141
18 5.29991 0.920935
18 5.36454 0.945734
18 5.42918 0.934134
18 5.49381 0.929372
18 5.55844 0.949463
18 5.62307 0.941787
18 5.68771 0.949478
18 5.75234 0.921863
18 5.81697 0.938207
18 5.88161 0.95789
18 5.94624 0.945364
18 6.01087 0.931235
18 6.07551 0.948374
18 6.14014 0.953478
18 6.20477 0.945299
18 6.2694 0.948886
18 6.33404 0.959115
18 6.39867 0.945819
