13 0 0
13 0.064633 0
13 0.129266 0
13 0.193899 0
13 0.258532 0
13 0.323165 0
13 0.387798 0
13 0.452431 0
13 0.517064 0
13 0.581697 0
13 0.64633 0
13 0.710963 0
13 0.775596 0
13 0.84023 0
13 0.904863 0.0941954
13 0.969496 0.881949
13 1.03413 1.78727
13 1.09876 1.84691
13 1.16339 1.53741
13 1.22803 1.44615
13 1.29266 1.28383
13 1.35729 1.20359
13 1.42193 1.06917
13 1.48656 1.12461
13 1.55119 1.01803
13 1.61583 1.10844
13 1.68046 1.00649
13 1.74509 1.04038
13 1.80973 0.990299
13 1.87436 0.980128
13 1.93899 0.906278
13 2.00362 0.968724
13 2.06826 0.906506
13 2.13289 0.935841
13 2.19752 0.926233
13 2.26216 0.926008
13 2.32679 0.956958
13 2.39142 0.9441
13 2.45606 0.912364
13 2.52069 0.958607
13 2.58532 0.925813
13 2.64995 0.915465
13 2.71459 0.94038
13 2.77922 0.925072
13 2.84385 0.908431
13 2.90849 0.924286
13 2.97312 0.935291
13 3.03775 0.907685
13 3.10239 0.940577
13 3.16702 0.916135
13 3.23165 0.915825
13 3.29629 0.952463
13 3.36092 0.934553
13 3.42555 0.916063
13 3.49018 0.924273
13 3.55482 0.955795
13 3.61945 0.958803
13 3.68408 0.908037
13 3.74872 0.940746
13 3.81335 0.912278
13 3.87798 0.927471
13 3.94262 0.934495
13 4.00725 0.93395
13 4.07188 0.952847
13 4.13651 0.918729
13 4.20115 0.921417
13 4.26578 0.922279
13 4.33041 0.933783
13 4.39505 0.940973
13 4.45968 0.92562
13 4.52431 0.944704
13 4.58895 0.958474
13 4.65358 0.937931
13 4.71821 0.946092
13 4.78285 0.915737
13 4.84748 0.943509
13 4.91211 0.928924
13 4.97674 0.961747
13 5.04138 0.939012
13 5.10601 0.944459
13 5.17064 0.956745
13 5.23528 0.93561
13 5.29991 0.930643
13 5.36454 0.950513
13 5.42918 0.925453
13 5.49381 0.923098
13 5.55844 0.949114
13 5.62307 0.949146
13 5.68771 0.948145
13 5.75234 0.965215
13 5.81697 0.938526
13 5.88161 0.938224
13 5.94624 0.938886
13 6.01087 0.932133
13 6.07551 0.939172
13 6.14014 0.938608
13 6.20477 0.958631
13 6.2694 0.943594
13 6.33404 0.958683
13 6.39867 0.941369
