16 0 0
16 0.064633 0
16 0.129266 0
16 0.193899 0
16 0.258532 0
16 0.323165 0
16 0.387798 0
16 0.452431 0
16 0.517064 0
16 0.581697 0
16 0.64633 0
16 0.710963 0
16 0.775596 0
16 0.84023 0.00227101
16 0.904863 0.122254
16 0.969496 0.930055
16 1.03413 1.54333
16 1.09876 1.6704
16 1.16339 1.66337
16 1.22803 1.49573
16 1.29266 1.31617
16 1.35729 1.13442
16 1.42193 1.13645
16 1.48656 1.1095
16 1.55119 1.0359
16 1.61583 1.04349
16 1.68046 0.987007
16 1.74509 0.922486
16 1.80973 0.958032
16 1.87436 0.944377
16 1.93899 0.919195
16 2.00362 0.94295
16 2.06826 0.870741
16 2.13289 0.935841
16 2.19752 0.922136
16 2.26216 0.93183
16 2.32679 0.921979
16 2.39142 0.947948
16 2.45606 0.906707
16 2.52069 0.894595
16 2.58532 0.952101
16 2.64995 0.94027
16 2.71459 0.947821
16 2.77922 0.919273
16 2.84385 0.929633
16 2.90849 0.90953
16 2.97312 0.913944
16 3.03775 0.906794
16 3.10239 0.913612
16 3.16702 0.927865
16 3.23165 0.87642
16 3.29629 0.934157
16 3.36092 0.931061
16 3.42555 0.932187
16 3.49018 0.907689
16 3.55482 0.954474
16 3.61945 0.925152
16 3.68408 0.919754
16 3.74872 0.907942
16 3.81335 0.904919
16 3.87798 0.932921
16 3.94262 0.929758
16 4.00725 0.927652
16 4.07188 0.930457
16 4.13651 0.918976
16 4.20115 0.918902
16 4.26578 0.930072
16 4.33041 0.937511
16 4.39505 0.955578
16 4.45968 0.935015
16 4.52431 0.922483
16 4.58895 0.933216
16 4.65358 0.935866
16 4.71821 0.927708
16 4.78285 0.939892
16 4.84748 0.949143
16 4.91211 0.953723
16 4.97674 0.947585
16 5.04138 0.973797
16 5.10601 0.937803
16 5.17064 0.931806
16 5.23528 0.948057
16 5.29991 0.927509
16 5.36454 0.945361
16 5.42918 0.959154
16 5.49381 0.944485
16 5.55844 0.933505
16 5.62307 0.94424
16 5.68771 0.934817
16 5.75234 0.937508
16 5.81697 0.956769
16 5.88161 0.957078
16 5.94624 0.936502
16 6.01087 0.940691
16 6.07551 0.93501
16 6.14014 0.943546
16 6.20477 0.944905
16 6.2694 0.941609
16 6.33404 0.958629
16 6.39867 0.93978
