19 0 0
19 0.064633 0
19 0.129266 0
19 0.193899 0
19 0.258532 0
19 0.323165 0
19 0.387798 0
19 0.452431 0
19 0.517064 0
19 0.581697 0
19 0.64633 0
19 0.710963 0
19 0.775596 0
19 0.84023 0.00227101
19 0.904863 0.0961996
19 0.969496 0.896203
19 1.03413 1.55927
19 1.09876 1.84548
19 1.16339 1.64259
19 1.22803 1.53823
19 1.29266 1.4563
19 1.35729 1.24114
19 1.42193 1.08008
19 1.48656 1.04991
19 1.55119 0.914673
19 1.61583 0.92947
19 1.68046 0.963491
19 1.74509 0.98018
19 1.80973 0.889979
19 1.87436 0.953177
19 1.93899 0.976031
19 2.00362 0.965806
19 2.06826 0.947773
19 2.13289 0.911156
19 2.19752 0.921727
19 2.26216 0.963266
19 2.32679 0.898046
19 2.39142 0.923812
19 2.45606 0.950296
19 2.52069 0.940544
19 2.58532 0.952403
19 2.64995 0.9495
19 2.71459 0.941482
19 2.77922 0.913473
19 2.84385 0.950584
19 2.90849 0.946057
19 2.97312 0.939467
19 3.03775 0.929737
19 3.10239 0.898845
19 3.16702 0.942887
19 3.23165 0.933251
19 3.29629 0.904792
19 3.36092 0.935288
19 3.42555 0.9251
19 3.49018 0.920683
19 3.55482 0.933179
19 3.61945 0.964385
19 3.68408 0.902796
19 3.74872 0.944325
19 3.81335 0.941427
19 3.87798 0.929428
19 3.94262 0.94979
19 4.00725 0.919781
19 4.07188 0.938727
19 4.13651 0.934403
19 4.20115 0.926329
19 4.26578 0.963339
19 4.33041 0.938415
19 4.39505 0.932188
19 4.45968 0.936509
19 4.52431 0.934009
19 4.58895 0.942511
19 4.65358 0.940783
19 4.71821 0.921389
19 4.78285 0.935229
19 4.84748 0.92797
19 4.91211 0.938312
19 4.97674 0.95078
19 5.04138 0.940865
19 5.10601 0.931558
19 5.17064 0.950651
19 5.23528 0.935219
19 5.29991 0.923687
19 5.36454 0.9367
19 5.42918 0.942231
19 5.49381 0.951827
19 5.55844 0.932111
19 5.62307 0.964341
19 5.68771 0.943747
19 5.75234 0.933206
19 5.81697 0.94382
19 5.88161 0.93479
19 5.94624 0.93204
19 6.01087 0.939015
19 6.07551 0.951773
19 6.14014 0.951641
19 6.20477 0.934217
19 6.2694 0.954565
19 6.33404 0.963276
19 6.39867 0.949051
