20 0 0
20 0.064633 0
20 0.129266 0
20 0.193899 0
20 0.258532 0
20 0.323165 0
20 0.387798 0
20 0.452431 0
20 0.517064 0
20 0.581697 0
20 0.64633 0
20 0.710963 0
20 0.775596 0
20 0.84023 0.00227101
20 0.904863 0.108224
20 0.969496 0.824934
20 1.03413 1.69798
20 1.09876 1.75651
20 1.16339 1.67635
20 1.22803 1.43789
20 1.29266 1.41534
20 1.35729 1.30438
20 1.42193 1.13281
20 1.48656 1.04824
20 1.55119 0.963632
20 1.61583 1.03916
20 1.68046 1.00044
20 1.74509 0.930638
20 1.80973 0.956859
20 1.87436 0.920176
20 1.93899 0.916095
20 2.00362 0.916689
20 2.06826 0.902838
20 2.13289 0.91029
20 2.19752 0.908208
20 2.26216 0.883317
20 2.32679 0.992674
20 2.39142 0.931857
20 2.45606 0.928002
20 2.52069 0.926601
20 2.58532 0.922792
20 2.64995 0.912869
20 2.71459 0.899314
20 2.77922 0.931136
20 2.84385 0.930643
20 2.90849 0.915094
20 2.97312 0.964062
20 3.03775 0.913253
20 3.10239 0.930733
20 3.16702 0.91593
20 3.23165 0.920776
20 3.29629 0.909177
20 3.36092 0.869505
20 3.42555 0.937149
20 3.49018 0.934361
20 3.55482 0.928887
20 3.61945 0.90107
20 3.68408 0.943187
20 3.74872 0.919572
20 3.81335 0.931615
20 3.87798 0.907771
20 3.94262 0.912026
20 4.00725 0.937098
20 4.07188 0.939363
20 4.13651 0.911571
20 4.20115 0.931599
20 4.26578 0.918208
20 4.33041 0.916495
20 4.39505 0.934384
20 4.45968 0.941954
20 4.52431 0.931724
20 4.58895 0.948168
20 4.65358 0.922885
20 4.71821 0.951071
20 4.78285 0.923851
20 4.84748 0.928788
20 4.91211 0.934149
20 4.97674 0.926514
20 5.04138 0.937917
20 5.10601 0.909783
20 5.17064 0.931245
20 5.23528 0.933653
20 5.29991 0.946772
20 5.36454 0.953798
20 5.42918 0.931654
20 5.49381 0.946195
20 5.55844 0.938871
20 5.62307 0.94206
20 5.68771 0.929086
20 5.75234 0.935553
20 5.81697 0.934124
20 5.88161 0.9484
20 5.94624 0.947503
20 6.01087 0.950086
20 6.07551 0.960916
20 6.14014 0.944751
20 6.20477 0.942486
20 6.2694 0.93549
20 6.33404 0.944147
20 6.39867 0.950005
