11 0 0
11 0.064633 0
11 0.129266 0
11 0.193899 0
11 0.258532 0
11 0.323165 0
11 0.387798 0
11 0.452431 0
11 0.517064 0
11 0.581697 0
11 0.64633 0
11 0.710963 0
11 0.775596 0
11 0.84023 0
11 0.904863 0.116241
11 0.969496 0.873041
11 1.03413 1.48753
11 1.09876 1.74216
11 1.16339 1.64778
11 1.22803 1.39657
11 1.29266 1.39163
11 1.35729 1.10477
11 1.42193 1.07281
11 1.48656 0.984452
11 1.55119 0.987722
11 1.61583 1.03555
11 1.68046 0.942662
11 1.74509 0.98457
11 1.80973 0.911099
11 1.87436 0.913576
11 1.93899 0.976548
11 2.00362 0.916203
11 2.06826 0.967948
11 2.13289 0.902928
11 2.19752 0.927052
11 2.26216 0.882153
11 2.32679 0.914615
11 2.39142 0.918215
11 2.45606 0.929333
11 2.52069 0.948784
11 2.58532 0.926116
11 2.64995 0.94402
11 2.71459 0.966838
11 2.77922 0.866283
11 2.84385 0.892024
11 2.90849 0.92985
11 2.97312 0.921833
11 3.03775 0.921049
11 3.10239 0.929877
11 3.16702 0.917164
11 3.23165 0.920578
11 3.29629 0.939305
11 3.36092 0.956603
11 3.42555 0.93325
11 3.49018 0.934019
11 3.55482 0.932023
11 3.61945 0.952105
11 3.68408 0.919292
11 3.74872 0.912266
11 3.81335 0.936088
11 3.87798 0.924677
11 3.94262 0.933954
11 4.00725 0.934999
11 4.07188 0.931348
11 4.13651 0.95304
11 4.20115 0.94837
11 4.26578 0.941238
11 4.33041 0.923839
11 4.39505 0.933506
11 4.45968 0.946865
11 4.52431 0.954257
11 4.58895 0.930892
11 4.65358 0.958188
11 4.71821 0.963422
11 4.78285 0.934483
11 4.84748 0.925971
11 4.91211 0.945221
11 4.97674 0.951039
11 5.04138 0.947519
11 5.10601 0.950211
11 5.17064 0.944636
11 5.23528 0.928017
11 5.29991 0.949982
11 5.36454 0.941553
11 5.42918 0.947774
11 5.49381 0.930085
11 5.55844 0.933087
11 5.62307 0.948397
11 5.68771 0.924088
11 5.75234 0.937574
11 5.81697 0.938079
11 5.88161 0.949711
11 5.94624 0.942186
11 6.01087 0.942845
11 6.07551 0.95611
11 6.14014 0.944636
11 6.20477 0.955593
11 6.2694 0.943428
11 6.33404 0.939824
11 6.39867 0.944866
