14 0 0
14 0.064633 0
14 0.129266 0
14 0.193899 0
14 0.258532 0
14 0.323165 0
14 0.387798 0
14 0.452431 0
14 0.517064 0
14 0.581697 0
14 0.64633 0
14 0.710963 0
14 0.775596 0
14 0.84023 0
14 0.904863 0.122254
14 0.969496 0.910457
14 1.03413 1.69639
14 1.09876 1.80386
14 1.16339 1.59974
14 1.22803 1.5217
14 1.29266 1.40348
14 1.35729 1.22434
14 1.42193 1.15281
14 1.48656 1.10531
14 1.55119 1.10196
14 1.61583 0.941738
14 1.68046 0.929896
14 1.74509 0.933147
14 1.80973 0.930459
14 1.87436 0.922376
14 1.93899 0.889227
14 2.00362 0.926902
14 2.06826 0.980787
14 2.13289 0.925447
14 2.19752 0.956548
14 2.26216 0.961325
14 2.32679 0.892891
14 2.39142 0.929059
14 2.45606 0.960943
14 2.52069 0.932305
14 2.58532 0.93095
14 2.64995 0.912004
14 2.71459 0.894077
14 2.77922 0.953544
14 2.84385 0.910702
14 2.90849 0.92864
14 2.97312 0.933202
14 3.03775 0.929959
14 3.10239 0.949138
14 3.16702 0.905641
14 3.23165 0.941567
14 3.29629 0.933585
14 3.36092 0.892106
14 3.42555 0.906849
14 3.49018 0.925641
14 3.55482 0.920798
14 3.61945 0.943811
14 3.68408 0.935016
14 3.74872 0.957894
14 3.81335 0.945323
14 3.87798 0.915316
14 3.94262 0.928269
14 4.00725 0.918731
14 4.07188 0.923588
14 4.13651 0.922802
14 4.20115 0.947292
14 4.26578 0.929025
14 4.33041 0.952088
14 4.39505 0.928015
14 4.45968 0.926901
14 4.52431 0.946054
14 4.58895 0.932509
14 4.65358 0.941668
14 4.71821 0.920527
14 4.78285 0.930939
14 4.84748 0.939147
14 4.91211 0.939464
14 4.97674 0.924528
14 5.04138 0.945413
14 5.10601 0.921041
14 5.17064 0.960113
14 5.23528 0.927313
14 5.29991 0.942185
14 5.36454 0.930877
14 5.42918 0.951349
14 5.49381 0.946623
14 5.55844 0.940961
14 5.62307 0.942537
14 5.68771 0.943081
14 5.75234 0.941485
14 5.81697 0.954856
14 5.88161 0.942032
14 5.94624 0.937602
14 6.01087 0.935305
14 6.07551 0.949194
14 6.14014 0.954512
14 6.20477 0.948562
14 6.2694 0.9442
14 6.33404 0.951928
14 6.39867 0.949316
