12 0 0
12 0.064633 0
12 0.129266 0
12 0.193899 0
12 0.258532 0
12 0.323165 0
12 0.387798 0
12 0.452431 0
12 0.517064 0
12 0.581697 0
12 0.64633 0
12 0.710963 0
12 0.775596 0
12 0.84023 0.00227101
12 0.904863 0.108224
12 0.969496 0.958563
12 1.03413 1.51144
12 1.09876 1.71345
12 1.16339 1.82698
12 1.22803 1.42018
12 1.29266 1.38192
12 1.35729 1.14628
12 1.42193 1.14918
12 1.48656 1.08265
12 1.55119 1.01026
12 1.61583 1.04277
12 1.68046 0.951397
12 1.74509 0.99774
12 1.80973 0.915206
12 1.87436 0.913576
12 1.93899 0.964147
12 2.00362 0.918634
12 2.06826 0.902379
12 2.13289 0.901629
12 2.19752 0.897967
12 2.26216 0.913977
12 2.32679 0.93818
12 2.39142 0.985376
12 2.45606 0.919018
12 2.52069 0.913608
12 2.58532 0.925209
12 2.64995 0.923253
12 2.71459 0.909787
12 2.77922 0.893437
12 2.84385 0.934429
12 2.90849 0.930817
12 2.97312 0.894686
12 3.03775 0.933969
12 3.10239 0.941861
12 3.16702 0.937948
12 3.23165 0.926122
12 3.29629 0.91833
12 3.36092 0.928673
12 3.42555 0.930947
12 3.49018 0.937096
12 3.55482 0.953153
12 3.61945 0.92898
12 3.68408 0.934708
12 3.74872 0.95014
12 3.81335 0.922957
12 3.87798 0.929288
12 3.94262 0.932465
12 4.00725 0.928833
12 4.07188 0.937836
12 4.13651 0.941932
12 4.20115 0.926089
12 4.26578 0.931468
12 4.33041 0.935704
12 4.39505 0.957774
12 4.45968 0.948466
12 4.52431 0.945015
12 4.58895 0.935742
12 4.65358 0.933702
12 4.71821 0.965912
12 4.78285 0.916856
12 4.84748 0.937057
12 4.91211 0.950624
12 4.97674 0.929191
12 5.04138 0.940444
12 5.10601 0.944213
12 5.17064 0.940386
12 5.23528 0.928174
12 5.29991 0.938745
12 5.36454 0.955291
12 5.42918 0.933988
12 5.49381 0.945269
12 5.55844 0.93671
12 5.62307 0.928978
12 5.68771 0.938682
12 5.75234 0.937834
12 5.81697 0.940822
12 5.88161 0.935664
12 5.94624 0.941758
12 6.01087 0.953078
12 6.07551 0.945091
12 6.14014 0.957095
12 6.20477 0.960937
12 6.2694 0.929481
12 6.33404 0.952144
12 6.39867 0.938402
