10 0 0
10 0.064633 0
10 0.129266 0
10 0.193899 0
10 0.258532 0
10 0.323165 0
10 0.387798 0
10 0.452431 0
10 0.517064 0
10 0.581697 0
10 0.64633 0
10 0.710963 0
10 0.775596 0
10 0.84023 0
10 0.904863 0.124258
10 0.969496 0.803554
10 1.03413 1.62305
10 1.09876 1.77516
10 1.16339 1.78932
10 1.22803 1.56775
10 1.29266 1.3097
10 1.35729 1.15813
10 1.42193 1.09008
10 1.48656 1.03397
10 1.55119 0.929438
10 1.61583 0.934521
10 1.68046 0.970881
10 1.74509 0.929384
10 1.80973 0.906405
10 1.87436 0.922926
10 1.93899 0.924878
10 2.00362 0.907936
10 2.06826 0.944105
10 2.13289 0.982178
10 2.19752 0.89428
10 2.26216 0.890691
10 2.32679 0.941862
10 2.39142 0.933956
10 2.45606 0.902381
10 2.52069 0.903151
10 2.58532 0.901943
10 2.64995 0.92556
10 2.71459 0.944514
10 2.77922 0.943263
10 2.84385 0.913984
10 2.90849 0.956458
10 2.97312 0.877748
10 3.03775 0.938646
10 3.10239 0.908904
10 3.16702 0.908727
10 3.23165 0.952458
10 3.29629 0.930534
10 3.36092 0.945945
10 3.42555 0.932719
10 3.49018 0.923931
10 3.55482 0.918322
10 3.61945 0.915583
10 3.68408 0.934708
10 3.74872 0.948798
10 3.81335 0.931759
10 3.87798 0.920625
10 3.94262 0.935984
10 4.00725 0.919125
10 4.07188 0.908958
10 4.13651 0.927492
10 4.20115 0.933756
10 4.26578 0.923558
10 4.33041 0.919319
10 4.39505 0.935043
10 4.45968 0.928822
10 4.52431 0.913657
10 4.58895 0.941804
10 4.65358 0.937046
10 4.71821 0.935272
10 4.78285 0.935322
10 4.84748 0.925607
10 4.91211 0.923167
10 4.97674 0.971678
10 5.04138 0.939096
10 5.10601 0.933448
10 5.17064 0.92924
10 5.23528 0.927939
10 5.29991 0.934541
10 5.36454 0.943345
10 5.42918 0.953026
10 5.49381 0.938568
10 5.55844 0.925909
10 5.62307 0.933475
10 5.68771 0.932418
10 5.75234 0.945397
10 5.81697 0.93489
10 5.88161 0.949149
10 5.94624 0.933385
10 6.01087 0.94111
10 6.07551 0.944505
10 6.14014 0.931661
10 6.20477 0.939842
10 6.2694 0.937144
10 6.33404 0.939878
10 6.39867 0.944336
