17 0 0
17 0.064633 0
17 0.129266 0
17 0.193899 0
17 0.258532 0
17 0.323165 0
17 0.387798 0
17 0.452431 0
17 0.517064 0
17 0.581697 0
17 0.64633 0
17 0.710963 0
17 0.775596 0
17 0.84023 0.00227101
17 0.904863 0.10622
17 0.969496 0.705559
17 1.03413 1.59594
17 1.09876 2.02343
17 1.16339 1.58156
17 1.22803 1.49337
17 1.29266 1.3733
17 1.35729 1.21446
17 1.42193 1.08917
17 1.48656 1.0474
17 1.55119 0.9613
17 1.61583 0.985036
17 1.68046 0.969538
17 1.74509 0.915587
17 1.80973 0.912272
17 1.87436 0.966927
17 1.93899 0.910928
17 2.00362 0.932251
17 2.06826 0.932642
17 2.13289 0.923282
17 2.19752 0.921317
17 2.26216 0.931441
17 2.32679 0.919033
17 2.39142 0.938853
17 2.45606 0.896725
17 2.52069 0.880334
17 2.58532 0.923396
17 2.64995 0.909697
17 2.71459 0.915851
17 2.77922 0.903982
17 2.84385 0.958408
17 2.90849 0.91582
17 2.97312 0.919977
17 3.03775 0.942433
17 3.10239 0.900771
17 3.16702 0.925396
17 3.23165 0.917013
17 3.29629 0.924623
17 3.36092 0.904601
17 3.42555 0.925631
17 3.49018 0.91846
17 3.55482 0.895541
17 3.61945 0.933286
17 3.68408 0.949662
17 3.74872 0.939255
17 3.81335 0.918339
17 3.87798 0.923559
17 3.94262 0.931246
17 4.00725 0.93067
17 4.07188 0.929949
17 4.13651 0.912065
17 4.20115 0.94274
17 4.26578 0.924721
17 4.33041 0.940336
17 4.39505 0.913191
17 4.45968 0.940353
17 4.52431 0.961214
17 4.58895 0.952816
17 4.65358 0.909315
17 4.71821 0.953752
17 4.78285 0.94241
17 4.84748 0.940783
17 4.91211 0.926532
17 4.97674 0.957947
17 5.04138 0.933874
17 5.10601 0.950211
17 5.17064 0.932849
17 5.23528 0.938976
17 5.29991 0.962059
17 5.36454 0.933789
17 5.42918 0.954996
17 5.49381 0.9365
17 5.55844 0.936014
17 5.62307 0.950168
17 5.68771 0.935417
17 5.75234 0.949243
17 5.81697 0.937377
17 5.88161 0.945778
17 5.94624 0.958871
17 6.01087 0.933629
17 6.07551 0.935714
17 6.14014 0.958244
17 6.20477 0.958856
17 6.2694 0.955557
17 6.33404 0.959061
17 6.39867 0.952177
