-0.0318372
-0.0318401
-0.0318487
-0.0318629
-0.0318829
-0.0319086
-0.03194
-0.0319771
-0.0320199
-0.0320685
-0.0321253
-0.0321855
-0.0322541
-0.0323357
-0.0324236
-0.0325177
-0.0326181
-0.0327296
-0.0328477
-0.0329842
-0.0331156
-0.0332658
-0.0334276
-0.0335824
-0.0337491
-0.0339134
-0.0341063
-0.0342998
-0.0344865
-0.0346834
-0.0348976
-0.0351031
-0.0353262
-0.0355648
-0.0358074
-0.0360587
-0.0363142
-0.0365812
-0.0368623
-0.0371579
-0.0374538
-0.0377599
-0.0380738
-0.0383889
-0.0387127
-0.0390571
-0.0394129
-0.039783
-0.0401628
-0.0405481
-0.0409465
-0.0413653
-0.0417885
-0.0422353
-0.0426897
-0.0431522
-0.0436421
-0.0441504
-0.044673
-0.0452034
-0.0457751
-0.0463416
-0.0469389
-0.0475558
-0.0481907
-0.0488347
-0.0495051
-0.0502053
-0.050924
-0.051669
-0.0524436
-0.0532391
-0.054054
-0.0549034
-0.0557787
-0.0566855
-0.0576225
-0.0585882
-0.0595884
-0.0606266
-0.0616897
-0.0627906
-0.0639256
-0.0650982
-0.0663122
-0.0675617
-0.06886
-0.0701939
-0.0715674
-0.0729986
-0.0744771
-0.0760046
-0.0775754
-0.0792032
-0.0808803
-0.0826204
-0.0844113
-0.0862573
-0.0881745
-0.0901508
-0.0921931
-0.094306
-0.0964892
-0.0987424
-0.101075
-0.103484
-0.105985
-0.108554
-0.111202
-0.113916
-0.116728
-0.11962
-0.122587
-0.125623
-0.128727
-0.131893
-0.1351
-0.138341
-0.141597
-0.144821
-0.147985
-0.151041
-0.153933
-0.156592
-0.158959
-0.160937
-0.162483
-0.163536
-0.164108
-0.164241
-0.164066
-0.163749
-0.16354
-0.163604
-0.163986
-0.16465
-0.165368
-0.165912
-0.166119
-0.166017
-0.165894
-0.166225
-0.167632
-0.170643
-0.175487
-0.182078
-0.18998
-0.198598
-0.207293
-0.215591
-0.223181
-0.229968
-0.235992
-0.241373
-0.246272
-0.250852
-0.25522
-0.259467
-0.263623
-0.26768
-0.271562
-0.275179
-0.278412
-0.281134
-0.283209
-0.284519
-0.284938
-0.284349
-0.282666
-0.279838
-0.275864
-0.270807
-0.264801
-0.258085
-0.250918
-0.243671
-0.23674
-0.230547
-0.225507
-0.222042
-0.220449
-0.221022
-0.22389
-0.229027
-0.236234
-0.245143
-0.255229
-0.265848
-0.276243
-0.285598
-0.293022
-0.297678
-0.298828
-0.296173
-0.290213
-0.282782
-0.276959
-0.275907
-0.281056
-0.291091
-0.303023
-0.314023
-0.32249
-0.327989
-0.33076
-0.331247
-0.329896
-0.327005
-0.322779
-0.317331
-0.31081
-0.303446
-0.295604
-0.287967
-0.281386
-0.276813
-0.274975
-0.276095
-0.27975
-0.285033
-0.29088
-0.296377
-0.30096
-0.304369
-0.306606
-0.307825
-0.308236
-0.308088
-0.307585
-0.30691
-0.30615
-0.30538
-0.304587
-0.303739
-0.302785
-0.301652
-0.300305
-0.298741
-0.296963
-0.295003
-0.292908
-0.290714
-0.288416
-0.285971
-0.283273
-0.280199
-0.276721
-0.27297
-0.269371
-0.266604
-0.265498
-0.266684
-0.270328
-0.276028
-0.282999
-0.290356
-0.297405
-0.303722
-0.309113
-0.313526
-0.316982
-0.319527
-0.321223
-0.322123
-0.32231
-0.321879
-0.321003
-0.319861
-0.318668
-0.317679
-0.317113
-0.317162
-0.317951
-0.319508
-0.32172
-0.324314
-0.326806
-0.328579
-0.328848
-0.32685
-0.321925
-0.313818
-0.303089
-0.291456
-0.28182
-0.277405
-0.280167
-0.289599
-0.303156
-0.317725
-0.330857
-0.341145
-0.347966
-0.351232
-0.351246
-0.348685
-0.344662
-0.340609
-0.337964
-0.337631
-0.339643
-0.343276
-0.347507
-0.351487
-0.354757
-0.357216
-0.358937
-0.360017
-0.360482
-0.36023
-0.359099
-0.356893
-0.353422
-0.348626
-0.342521
-0.335314
-0.327361
-0.319229
-0.311627
-0.305276
-0.300776
-0.2985
-0.29847
-0.300415
-0.303862
-0.3083
-0.313311
-0.318626
-0.324036
-0.329364
-0.334315
-0.338536
-0.341651
-0.34334
-0.343388
-0.341706
-0.338223
-0.332675
-0.324712
-0.314229
-0.302353
-0.292257
-0.288578
-0.294406
-0.308548
-0.326327
-0.34296
-0.355804
-0.364286
-0.368981
-0.370748
-0.370426
-0.368634
-0.365894
-0.36261
-0.359168
-0.355905
-0.353087
-0.350893
-0.349409
-0.348573
-0.348167
-0.347932
-0.347494
-0.346538
-0.344756
-0.341979
-0.338136
-0.333307
-0.32773
-0.321758
-0.315853
-0.310514
-0.306178
-0.303209
-0.301775
-0.301849
-0.303183
-0.305394
-0.308081
-0.310857
-0.313431
-0.315642
-0.317359
-0.318539
-0.319194
-0.319336
-0.319016
-0.318305
-0.317313
-0.316141
-0.314932
-0.313811
-0.312879
-0.31224
-0.311901
-0.311872
-0.312095
-0.312522
-0.313046
-0.313584
-0.314072
-0.314458
-0.3147
-0.314792
-0.314733
-0.314537
-0.31421
-0.313775
-0.313262
-0.312701
-0.312103
-0.311496
-0.310896
-0.310331
-0.309826
-0.309387
-0.309034
-0.308753
-0.308569
-0.308459
-0.308402
-0.308359
-0.30831
-0.3082
-0.307956
-0.30751
-0.306774
-0.305686
-0.304168
-0.302135
-0.299559
-0.296432
-0.292795
-0.288758
-0.284513
-0.280323
-0.276465
-0.273212
-0.270783
-0.269251
-0.268552
-0.268517
-0.268904
-0.26951
-0.270179
-0.270881
-0.27167
-0.272683
-0.27408
-0.276027
-0.278607
-0.281799
-0.285518
-0.289582
-0.293795
-0.297957
-0.30192
-0.30555
-0.308798
-0.311615
-0.314006
-0.31597
-0.317497
-0.318599
-0.31927
-0.31948
-0.3192
-0.318387
-0.316993
-0.315021
-0.312478
-0.30944
-0.306054
-0.302571
-0.299299
-0.2966
-0.294765
-0.294017
-0.294408
-0.295775
-0.2978
-0.300094
-0.302257
-0.303951
-0.304943
-0.305111
-0.304427
-0.302955
-0.300804
-0.298114
-0.295038
-0.291706
-0.288276
-0.284848
-0.281529
-0.278412
-0.275563
-0.273057
-0.270982
-0.26947
-0.268662
-0.268725
-0.269791
-0.271961
-0.275253
-0.279548
-0.284661
-0.290333
-0.296276
-0.302271
-0.30811
-0.31367
-0.318882
-0.323665
-0.327971
-0.331775
-0.335046
-0.337775
-0.339964
-0.341629
-0.34282
-0.34359
-0.343993
-0.344067
-0.343868
-0.343448
-0.342867
-0.342148
-0.341334
-0.340452
-0.339552
-0.338666
-0.337827
-0.337092
-0.336488
-0.33608
-0.335915
-0.336037
-0.336487
-0.337286
-0.33846
-0.339931
-0.341595
-0.343277
-0.344701
-0.345571
-0.345594
-0.344553
-0.342448
-0.339653
-0.336967
-0.335511
-0.336338
-0.339967
-0.346094
-0.353701
-0.361536
-0.368537
-0.374013
-0.37762
-0.379283
-0.379051
-0.37702
-0.373375
-0.368373
-0.362396
-0.355984
-0.349792
-0.344501
-0.340639
-0.338492
-0.338066
-0.33915
-0.341417
-0.344502
-0.348035
-0.351697
-0.355243
-0.358508
-0.361461
-0.364203
-0.366983
-0.370062
-0.373699
-0.378043
-0.383011
-0.388343
-0.393693
-0.398664
-0.402947
-0.406307
-0.408635
-0.409876
-0.410011
-0.409055
-0.40701
-0.403881
-0.39969
-0.394478
-0.388333
-0.381452
-0.374117
-0.36671
-0.359674
-0.353476
-0.348545
-0.345185
-0.343526
-0.343477
-0.344783
-0.347016
-0.34972
-0.352465
-0.354946
-0.356989
-0.35862
-0.359926
-0.361067
-0.362162
-0.363278
-0.364374
-0.365345
-0.366062
-0.366366
-0.366179
-0.365449
-0.36421
-0.362522
-0.36046
-0.358116
-0.35554
-0.35277
-0.349796
-0.346603
-0.34315
-0.339395
-0.33522
-0.330459
-0.324897
-0.31841
-0.311092
-0.303555
-0.296985
-0.292869
-0.292286
-0.295202
-0.300299
-0.305573
-0.309101
-0.309469
-0.306022
-0.298843
-0.28898
-0.278503
-0.270228
-0.266647
-0.2686
-0.274969
-0.283496
-0.292125
-0.299608
-0.305507
-0.309874
-0.312941
-0.314968
-0.316162
-0.316698
-0.316666
-0.316154
-0.315206
-0.313841
-0.312081
-0.309937
-0.307398
-0.304481
-0.301235
-0.297734
-0.294053
-0.290336
-0.286673
-0.28314
-0.279742
-0.276386
-0.272958
-0.269368
-0.265714
-0.262351
-0.2599
-0.259005
-0.260037
-0.262746
-0.266229
-0.269224
-0.270536
-0.269355
-0.265583
-0.26
-0.254323
-0.250764
-0.251068
-0.255612
-0.263226
-0.271995
-0.28025
-0.287008
-0.292027
-0.29543
-0.297579
-0.298849
-0.299566
-0.299988
-0.300302
-0.300618
-0.300982
-0.301376
-0.301696
-0.301762
-0.301279
-0.29984
-0.296909
-0.291841
-0.284038
-0.273279
-0.260308
-0.247385
-0.238035
-0.235468
-0.240501
-0.251053
-0.263728
-0.27592
-0.286401
-0.295029
-0.302117
-0.307994
-0.312893
-0.31691
-0.320103
-0.32249
-0.32411
-0.325032
-0.325333
-0.325149
-0.324577
-0.323746
-0.322746
-0.321616
-0.320365
-0.319015
-0.317572
-0.316138
-0.314852
-0.313912
-0.313519
-0.313781
-0.314717
-0.316225
-0.318092
-0.320153
-0.322262
-0.324395
-0.32658
-0.328874
-0.331271
-0.333764
-0.336244
-0.338608
-0.340735
-0.342572
-0.34411
-0.345423
-0.34665
-0.347978
-0.34957
-0.351566
-0.354037
-0.35692
-0.360098
-0.363369
-0.366499
-0.369286
-0.371559
-0.373224
-0.374251
-0.374643
-0.374489
-0.373862
-0.372831
-0.371432
-0.369683
-0.367606
-0.365238
-0.362658
-0.359994
-0.357439
-0.355167
-0.35332
-0.351951
-0.351008
-0.350367
-0.349885
-0.349478
-0.349176
-0.349163
-0.349709
-0.351069
-0.353372
-0.356522
-0.36022
-0.364023
-0.367504
-0.370304
-0.372249
-0.373329
-0.373658
-0.373453
-0.372906
-0.372184
-0.371405
-0.370614
-0.369804
-0.36895
-0.368023
-0.367026
-0.366
-0.365022
-0.364173
-0.363518
-0.363091
-0.362855
-0.362696
-0.362427
-0.3618
-0.360563
-0.358522
-0.355594
-0.351969
-0.34805
-0.344518
-0.342115
-0.341445
-0.342724
-0.345665
-0.349629
-0.353882
-0.357765
-0.360894
-0.363092
-0.364345
-0.364774
-0.364548
-0.363854
-0.362872
-0.361709
-0.360492
-0.359252
-0.357994
-0.356708
-0.35536
-0.353919
-0.352359
-0.350696
-0.34894
-0.347147
-0.345361
-0.343658
-0.342124
-0.340835
-0.339856
-0.339247
-0.339048
-0.339254
-0.339829
-0.340711
-0.34178
-0.342935
-0.344033
-0.344926
-0.345437
-0.345302
-0.34414
-0.341412
-0.336415
-0.32843
-0.317105
-0.303326
-0.290033
-0.281975
-0.283168
-0.293794
-0.309962
-0.326711
-0.340759
-0.351004
-0.357731
-0.361669
-0.363569
-0.363997
-0.363326
-0.361758
-0.359404
-0.356327
-0.352595
-0.348322
-0.343635
-0.338747
-0.333904
-0.329419
-0.325607
-0.322796
-0.32123
-0.321033
-0.32211
-0.324212
-0.326942
-0.329896
-0.332749
-0.335268
-0.337368
-0.339065
-0.340431
-0.341535
-0.342398
-0.343003
-0.343343
-0.343359
-0.343087
-0.342626
-0.34211
-0.34167
-0.341385
-0.341228
-0.341063
-0.340631
-0.339679
-0.338058
-0.335831
-0.333315
-0.331026
-0.329565
-0.329397
-0.330672
-0.333121
-0.336203
-0.339218
-0.341555
-0.34272
-0.342407
-0.340452
-0.336868
-0.331843
-0.325807
-0.319517
-0.314007
-0.310474
-0.309866
-0.312489
-0.317837
-0.324803
-0.332118
-0.338743
-0.344061
-0.347854
-0.350228
-0.351457
-0.351941
-0.352111
-0.352336
-0.352922
-0.354028
-0.355635
-0.357613
-0.359705
-0.361577
-0.362886
-0.363317
-0.362576
-0.360447
-0.356763
-0.351454
-0.344597
-0.336434
-0.327441
-0.318321
-0.309933
-0.303139
-0.298633
-0.296764
-0.297493
-0.30055
-0.305538
-0.312112
-0.319951
-0.328719
-0.337941
-0.347094
-0.355605
-0.363039
-0.369131
