1.44347
1.44352
1.44357
1.44362
1.44366
1.44369
1.44372
1.44372
1.44371
1.44369
1.44366
1.44364
1.4436
1.44358
1.44357
1.44358
1.44361
1.44368
1.44377
1.44392
1.44412
1.44439
1.4447
1.44502
1.44525
1.44528
1.44501
1.4444
1.44354
1.44267
1.442
1.44167
1.44165
1.44186
1.44216
1.44249
1.4428
1.44307
1.44329
1.44347
1.44361
1.44372
1.44382
1.4439
1.44396
1.44402
1.44406
1.44409
1.44409
1.44408
1.44404
1.44401
1.44396
1.44392
1.44389
1.44388
1.44385
1.44379
1.44369
1.44354
1.44338
1.44325
1.44319
1.4432
1.44329
1.44341
1.44355
1.44368
1.44376
1.44379
1.44376
1.44366
1.44356
1.44347
1.44343
1.44344
1.4435
1.44354
1.44354
1.4435
1.44341
1.44334
1.44331
1.44331
1.44337
1.44346
1.4436
1.44374
1.44388
1.444
1.4441
1.44417
1.44419
1.44416
1.44409
1.444
1.44387
1.44374
1.44365
1.44361
1.44364
1.44372
1.44383
1.44395
1.44402
1.44404
1.44397
1.44382
1.44361
1.44338
1.44317
1.44301
1.44292
1.44289
1.44294
1.44301
1.44311
1.44322
1.44333
1.44343
1.44352
1.44359
1.44364
1.44369
1.44372
1.44376
1.44379
1.44381
1.44384
1.4439
1.44398
1.44407
1.44418
1.4443
1.44444
1.44455
1.44464
1.44471
1.44476
1.44476
1.44469
1.44452
1.44421
1.44379
1.44331
1.44287
1.44259
1.44248
1.44253
1.4427
1.44293
1.44318
1.44344
1.44365
1.44383
1.44392
1.44394
1.44387
1.44375
1.44361
1.4435
1.44346
1.44348
1.44353
1.4436
1.44367
1.44373
1.44375
1.44375
1.44374
1.44371
1.4437
1.4437
1.44371
1.44374
1.44378
1.44381
1.44386
1.44391
1.44395
1.44399
1.44401
1.44401
1.44401
1.44399
1.44394
1.44387
1.4438
1.44374
1.44366
1.44361
1.44358
1.44358
1.44359
1.44363
1.44371
1.44382
1.44394
1.44406
1.44415
1.44416
1.4441
1.44396
1.44376
1.44354
1.44336
1.44326
1.44324
1.44329
1.44339
1.44351
1.44364
1.44376
1.44385
1.44391
1.44393
1.44391
1.44389
1.44385
1.4438
1.44377
1.44373
1.44371
1.44369
1.4437
1.4437
1.4437
1.44366
1.44364
1.44362
1.44364
1.44372
1.44386
1.4441
1.44439
1.44473
1.44507
1.44537
1.44552
1.44543
1.44502
1.44431
1.44343
1.44262
1.44208
1.44186
1.44193
1.44219
1.44252
1.44287
1.44321
1.44351
1.44377
1.44401
1.4442
1.44436
1.44443
1.44441
1.44426
1.44401
1.44373
1.44348
1.44332
1.44325
1.44328
1.44335
1.44345
1.44355
1.44365
1.44375
1.44384
1.44392
1.444
1.44404
1.44408
1.44409
1.44405
1.44398
1.44388
1.44374
1.44361
1.4435
1.44343
1.44339
1.4434
1.44343
1.44346
1.4435
1.44354
1.44357
1.44359
1.4436
1.44361
1.44361
1.44361
1.44361
1.44361
1.44361
1.44361
1.44362
1.44364
1.44367
1.44369
1.44372
1.44377
1.44381
1.44388
1.44394
1.444
1.44405
1.4441
1.44413
1.44411
1.44406
1.44397
1.44386
1.44375
1.44365
1.44357
1.44354
1.44354
1.44355
1.44358
1.44362
1.44366
1.44369
1.44374
1.4438
1.44384
1.44389
1.44394
1.44401
1.44408
1.44414
1.44419
1.44424
1.44425
1.44424
1.44419
1.44411
1.444
1.44386
1.44371
1.44355
1.44338
1.44323
1.4431
1.44302
1.44299
1.44303
1.44312
1.44322
1.44336
1.44351
1.44367
1.44382
1.44398
1.44413
1.44426
1.44435
1.44437
1.4443
1.44413
1.44391
1.44367
1.44347
1.44335
1.44333
1.44336
1.44344
1.44354
1.44363
1.4437
1.44377
1.44383
1.44388
1.44392
1.44395
1.44397
1.44398
1.44397
1.44395
1.44393
1.4439
1.44385
1.44381
1.44376
1.44371
1.44366
1.44362
1.4436
1.44359
1.4436
1.44361
1.44363
1.44365
1.44367
1.44368
1.4437
1.4437
1.44371
1.44371
1.44371
1.44371
1.44372
1.44374
1.44376
1.4438
1.44385
1.44389
1.44393
1.44395
1.44397
1.44398
1.44398
1.44394
1.4439
1.44386
1.44381
1.44376
1.4437
1.44364
1.44359
1.44352
1.44347
1.44343
1.4434
1.44339
1.44339
1.44339
1.44341
1.44342
1.44344
1.44347
1.44351
1.44354
1.44357
1.44361
1.44365
1.4437
1.44375
1.44381
1.44387
1.44393
1.444
1.44406
1.4441
1.44412
1.44409
1.44405
1.44396
1.44388
1.44379
1.44372
1.44368
1.44366
1.44366
1.44365
1.44364
1.44362
1.44358
1.44354
1.44354
1.44355
1.44357
1.44362
1.44367
1.4437
1.44372
1.44375
1.44377
1.44378
1.4438
1.4438
1.4438
1.44376
1.4437
1.44362
1.44354
1.44348
1.44343
1.44339
1.44336
1.44335
1.44336
1.44337
1.44341
1.44345
1.4435
1.44355
1.44361
1.44364
1.44367
1.44368
1.44368
1.44369
1.44372
1.44376
1.44383
1.44393
1.44403
1.44412
1.44418
1.44423
1.44424
1.44421
1.44417
1.44409
1.44401
1.44391
1.44382
1.44375
1.4437
1.44366
1.44363
1.4436
1.44356
1.44351
1.44346
1.44343
1.44341
1.44339
1.44338
1.44339
1.4434
1.44341
1.44344
1.44347
1.4435
1.44353
1.44358
1.44365
1.4437
1.44376
1.44382
1.4439
1.44396
1.44403
1.4441
1.44416
1.44419
1.4442
1.44416
1.44405
1.44391
1.44376
1.44364
1.44358
1.44357
1.4436
1.44364
1.44365
1.44363
1.44359
1.44353
1.44349
1.44347
1.44348
1.44353
1.44361
1.4437
1.4438
1.44388
1.44395
1.44399
1.44401
1.44399
1.44395
1.4439
1.44383
1.44379
1.44376
1.44377
1.4438
1.44388
1.44397
1.44406
1.44414
1.44418
1.44416
1.44406
1.4439
1.44369
1.44348
1.44332
1.44323
1.4432
1.44321
1.44326
1.44334
1.44342
1.4435
1.44358
1.44365
1.44371
1.44376
1.4438
1.44382
1.44383
1.44382
1.44379
1.44374
1.44367
1.44361
1.44356
1.44353
1.4435
1.4435
1.44351
1.44352
1.44355
1.44358
1.44361
1.44364
1.44365
1.44366
1.44368
1.44369
1.44372
1.44375
1.44378
1.44381
1.44383
1.44383
1.44382
1.44379
1.44376
1.44371
1.44368
1.44365
1.44365
1.44368
1.44373
1.44378
1.44387
1.44396
1.44403
1.4441
1.4441
1.44409
1.44403
1.44392
1.44378
1.44364
1.44352
1.44342
1.44337
1.44335
1.44335
1.44337
1.4434
1.4434
1.44343
1.44345
1.44347
1.44349
1.44352
1.44358
1.44364
1.44371
1.44378
1.44386
1.44394
1.44402
1.44409
1.44415
1.4442
1.44423
1.44422
1.44417
1.44408
1.44394
1.44378
1.4436
1.44345
1.44331
1.44324
1.44322
1.44327
1.44336
1.44349
1.44363
1.44376
1.44385
1.44391
1.4439
1.44384
1.44376
1.44366
1.44357
1.44349
1.44344
1.44342
1.44341
1.44342
1.44346
1.44351
1.44356
1.44362
1.44368
1.44375
1.44381
1.44385
1.44389
1.44392
1.44393
1.44393
1.44392
1.44391
1.44392
1.44395
1.444
1.44405
1.44407
1.44405
1.44396
1.44383
1.44365
1.44347
1.44331
1.4432
1.44314
1.44311
1.44312
1.44317
1.44322
1.44329
1.44336
1.44343
1.4435
1.44355
1.4436
1.44365
1.44366
1.44366
1.44366
1.44366
1.44367
1.44369
1.4437
1.44371
1.44374
1.44377
1.4438
1.44384
1.44389
1.44394
1.44399
1.44405
1.4441
1.44413
1.44413
1.44407
1.44395
1.44378
1.44358
1.44338
1.44323
1.44313
1.44309
1.44309
1.44314
1.4432
1.44327
1.44334
1.44341
1.44348
1.44354
1.44361
1.44368
1.44373
1.44379
1.44384
1.44388
1.4439
1.44392
1.44391
1.4439
1.4439
1.44394
1.44402
1.44415
1.44434
1.44458
1.44483
1.44507
1.4452
1.44513
1.44475
1.44411
1.44334
1.44264
1.44214
1.44188
1.44189
1.44211
1.44244
1.4428
1.44315
1.44344
1.44367
1.44385
1.44397
1.44404
1.44408
1.44408
1.44404
1.44397
1.44388
1.44377
1.44367
1.44357
1.44351
1.44347
1.44347
1.44348
1.44354
1.44362
1.44371
1.44382
1.44394
1.44404
1.44411
1.44415
1.44413
1.44403
1.44387
1.44367
1.44344
1.44324
1.44309
1.44302
1.44304
1.44311
1.44323
1.44339
1.44357
1.44377
1.44398
1.44419
1.44435
1.44443
1.44439
1.4442
1.44389
1.44358
1.44338
1.44331
1.44337
1.44351
1.44369
1.44384
1.44396
1.44401
1.44402
1.44399
1.44391
1.44381
1.4437
1.4436
1.44352
1.44346
1.44341
1.44341
1.44342
1.44346
1.44352
1.4436
1.44368
1.44377
1.44383
1.44391
1.44397
1.44402
1.44405
1.44406
1.44404
1.444
1.44394
1.44386
1.44379
1.4437
1.44364
1.4436
1.44357
1.44355
1.44354
1.44355
1.44356
1.44358
1.44359
1.44361
1.44362
1.44362
1.44365
1.44368
1.44371
1.44375
1.44379
1.44381
1.44383
1.44382
1.44381
1.44377
1.44374
1.4437
1.44368
1.44366
1.44366
1.44367
1.44371
1.44374
1.44377
1.44381
1.44382
1.44383
1.44381
1.44375
1.44371
1.44364
1.44358
1.44353
1.44348
1.44345
1.44343
1.44341
1.44342
1.44342
1.44343
1.44345
1.44346
1.44348
1.44352
1.44355
1.44358
1.44361
1.44365
1.44368
1.44371
1.44375
1.44378
1.4438
1.44383
1.44386
1.44387
1.44388
1.44388
1.44386
1.44382
1.44377
1.44372
1.44366
1.4436
1.44355
1.44351
1.44346
1.44343
1.44343
1.44345
1.44347
1.44353
1.44358
1.44366
1.44375
1.44383
1.44392
1.44401
1.44407
1.44411
1.4441
1.44404
1.44394
1.44382
1.4437
1.4436
1.44353
1.44347
1.44342
1.44338
1.44333
1.44328
1.44325
1.44323
1.44324
1.44328
1.44333
1.4434
1.44346
1.4435
1.44352
1.44352
1.44352
1.44351
1.44351
1.44354
1.44357
1.44362
1.44368
1.44375
1.44381
