1.2
1.2
1.20001
1.20002
1.20003
1.20005
1.20007
1.20009
1.20012
1.20015
1.20019
1.20023
1.20027
1.20032
1.20037
1.20043
1.20049
1.20055
1.20062
1.20069
1.20077
1.20085
1.20094
1.20103
1.20113
1.20123
1.20133
1.20145
1.20156
1.20168
1.20181
1.20194
1.20208
1.20222
1.20237
1.20252
1.20268
1.20285
1.20302
1.2032
1.20339
1.20358
1.20378
1.20398
1.2042
1.20442
1.20465
1.20488
1.20513
1.20538
1.20564
1.20591
1.20619
1.20648
1.20678
1.20709
1.20741
1.20774
1.20808
1.20843
1.2088
1.20917
1.20956
1.20996
1.21038
1.21081
1.21125
1.21171
1.21219
1.21268
1.21318
1.21371
1.21425
1.21481
1.21539
1.21598
1.2166
1.21724
1.2179
1.21858
1.21929
1.22002
1.22077
1.22155
1.22235
1.22318
1.22404
1.22492
1.22584
1.22679
1.22776
1.22877
1.22982
1.2309
1.23201
1.23316
1.23435
1.23558
1.23685
1.23817
1.23952
1.24093
1.24238
1.24387
1.24542
1.24702
1.24867
1.25037
1.25213
1.25394
1.2558
1.25772
1.25969
1.26171
1.26377
1.26588
1.26801
1.27017
1.27233
1.27448
1.27659
1.27863
1.28057
1.28237
1.28396
1.28531
1.28637
1.28711
1.28751
1.28763
1.28752
1.28732
1.28717
1.28719
1.28743
1.28785
1.28834
1.28872
1.28888
1.28883
1.28874
1.28891
1.28976
1.29164
1.29475
1.29904
1.30424
1.30995
1.31576
1.32132
1.32643
1.33101
1.33508
1.3387
1.342
1.34506
1.34799
1.35083
1.35361
1.35632
1.35892
1.36136
1.36354
1.3654
1.36683
1.36776
1.3681
1.36778
1.36673
1.36492
1.36235
1.35905
1.35511
1.35067
1.34591
1.34108
1.33642
1.33223
1.32879
1.32635
1.32516
1.32539
1.32715
1.33043
1.3351
1.34094
1.3476
1.35466
1.36163
1.36796
1.37307
1.37638
1.37739
1.37586
1.37207
1.36714
1.36305
1.36196
1.36499
1.37142
1.37934
1.3868
1.39264
1.3965
1.39852
1.39898
1.39819
1.39636
1.39362
1.39007
1.38579
1.38092
1.37571
1.37058
1.36609
1.36288
1.36146
1.36202
1.36431
1.36775
1.37164
1.37535
1.37847
1.38082
1.38239
1.38326
1.38358
1.38352
1.3832
1.38276
1.38226
1.38175
1.38122
1.38066
1.38003
1.37929
1.37841
1.37738
1.3762
1.3749
1.37352
1.37207
1.37055
1.36894
1.36716
1.36514
1.36285
1.36036
1.35793
1.35601
1.35514
1.35576
1.35804
1.36172
1.3663
1.3712
1.37594
1.38021
1.38388
1.38689
1.38926
1.39102
1.3922
1.39285
1.39301
1.39277
1.3922
1.39144
1.39065
1.38996
1.38955
1.38954
1.39002
1.391
1.39243
1.39414
1.39582
1.39707
1.39738
1.39622
1.39315
1.38795
1.38094
1.37316
1.3665
1.36313
1.36448
1.37038
1.37923
1.38896
1.39787
1.40494
1.40972
1.41213
1.41234
1.41078
1.40815
1.4054
1.40351
1.40312
1.40432
1.40667
1.40948
1.41217
1.4144
1.4161
1.41729
1.41806
1.41841
1.41829
1.4176
1.41621
1.41399
1.41088
1.4069
1.40216
1.39689
1.39147
1.38634
1.382
1.37886
1.37719
1.37703
1.37821
1.38042
1.38333
1.38665
1.39018
1.39378
1.39735
1.40069
1.40357
1.40573
1.40696
1.4071
1.4061
1.40389
1.40034
1.3952
1.38836
1.38047
1.37349
1.37047
1.37371
1.3827
1.39446
1.40574
1.41458
1.42052
1.42388
1.42523
1.42513
1.42401
1.42223
1.42007
1.41778
1.41558
1.41367
1.41216
1.41113
1.41053
1.41025
1.41009
1.40982
1.40922
1.4081
1.40631
1.40382
1.40066
1.39698
1.39302
1.38906
1.38544
1.38246
1.38038
1.37932
1.37927
1.38008
1.38151
1.38328
1.38513
1.38687
1.38836
1.38954
1.39037
1.39084
1.39096
1.39078
1.39033
1.38969
1.38892
1.38811
1.38735
1.38672
1.38626
1.38602
1.38598
1.38612
1.38639
1.38673
1.38709
1.38742
1.38769
1.38786
1.38793
1.38791
1.38778
1.38757
1.38729
1.38695
1.38658
1.38618
1.38578
1.38538
1.38501
1.38467
1.38438
1.38413
1.38395
1.38382
1.38373
1.38369
1.38366
1.38363
1.38356
1.3834
1.38312
1.38266
1.38196
1.38098
1.37967
1.37799
1.37594
1.37354
1.37087
1.36805
1.36524
1.36264
1.36042
1.35875
1.35766
1.35714
1.35707
1.35731
1.35771
1.35816
1.35862
1.35914
1.35979
1.36069
1.36195
1.36363
1.36572
1.36817
1.37086
1.37366
1.37645
1.3791
1.38155
1.38374
1.38565
1.38727
1.38861
1.38966
1.39042
1.3909
1.39108
1.39093
1.39042
1.38954
1.38827
1.38661
1.38462
1.38238
1.38006
1.37785
1.376
1.37471
1.37414
1.37433
1.37518
1.3765
1.37803
1.37949
1.38067
1.38138
1.38154
1.38114
1.38021
1.37881
1.37705
1.37502
1.37281
1.37052
1.36823
1.36601
1.36392
1.362
1.3603
1.35888
1.35783
1.35724
1.35722
1.35786
1.35924
1.36136
1.36416
1.36752
1.37127
1.37523
1.37923
1.38313
1.38687
1.39036
1.39358
1.39649
1.39907
1.40129
1.40314
1.40464
1.40579
1.40661
1.40715
1.40744
1.40751
1.4074
1.40714
1.40676
1.40629
1.40574
1.40516
1.40456
1.40397
1.40341
1.40291
1.4025
1.40221
1.40208
1.40214
1.40241
1.40293
1.40368
1.40464
1.40574
1.40686
1.40783
1.40845
1.40853
1.4079
1.40657
1.40473
1.4029
1.40181
1.40219
1.40442
1.40837
1.41338
1.41863
1.42338
1.42714
1.42967
1.43091
1.43088
1.42965
1.42732
1.42406
1.42013
1.41586
1.4117
1.40809
1.40541
1.40386
1.40347
1.40411
1.40555
1.40756
1.4099
1.41234
1.41472
1.41691
1.4189
1.42074
1.42258
1.42461
1.42699
1.42984
1.43311
1.43666
1.44023
1.44358
1.44649
1.4488
1.45042
1.45132
1.45149
1.45093
1.44964
1.44762
1.4449
1.44149
1.43745
1.43291
1.42805
1.4231
1.41837
1.41416
1.41078
1.40844
1.40722
1.40709
1.40788
1.40932
1.41111
1.41294
1.41462
1.41602
1.41713
1.41802
1.41879
1.41952
1.42027
1.421
1.42167
1.42216
1.42239
1.4223
1.42185
1.42105
1.41995
1.4186
1.41705
1.41535
1.41351
1.41154
1.40943
1.40714
1.40466
1.40191
1.39878
1.39514
1.39087
1.38604
1.381
1.37651
1.37356
1.37292
1.37465
1.37796
1.38153
1.38404
1.38452
1.38248
1.37793
1.37148
1.36446
1.35872
1.35596
1.35691
1.36092
1.36653
1.37232
1.37741
1.38145
1.38445
1.38658
1.38799
1.38884
1.38923
1.38925
1.38893
1.38833
1.38744
1.38629
1.38488
1.38321
1.38129
1.37914
1.37682
1.37438
1.37191
1.36946
1.36709
1.36482
1.36258
1.3603
1.35792
1.35548
1.3532
1.35148
1.35077
1.35133
1.35303
1.35533
1.3574
1.35842
1.35781
1.35545
1.3518
1.34796
1.34538
1.3453
1.34806
1.35299
1.35881
1.36439
1.36901
1.37246
1.37483
1.37633
1.37723
1.37773
1.37803
1.37824
1.37845
1.37869
1.37895
1.37917
1.37924
1.37897
1.37809
1.37626
1.37304
1.36803
1.36104
1.3525
1.34379
1.3372
1.33498
1.33787
1.34462
1.35303
1.36124
1.36835
1.37423
1.37904
1.38303
1.38635
1.38909
1.39127
1.39291
1.39405
1.39471
1.39495
1.39486
1.3945
1.39397
1.3933
1.39255
1.39173
1.39083
1.38988
1.38892
1.38805
1.38739
1.38708
1.38722
1.3878
1.38877
1.39
1.39136
1.39277
1.39419
1.39564
1.39716
1.39875
1.4004
1.40206
1.40365
1.40509
1.40634
1.40738
1.40827
1.40909
1.40996
1.411
1.4123
1.41391
1.41581
1.41792
1.4201
1.4222
1.42409
1.42564
1.42679
1.42752
1.42783
1.42776
1.42737
1.42671
1.4258
1.42465
1.42329
1.42173
1.42001
1.41824
1.41652
1.41499
1.41372
1.41278
1.41212
1.41168
1.41135
1.41108
1.41087
1.41084
1.41116
1.412
1.41347
1.41553
1.41797
1.42052
1.42287
1.42479
1.42614
1.42691
1.42718
1.42707
1.42673
1.42625
1.42574
1.42521
1.42467
1.42411
1.42349
1.42283
1.42215
1.4215
1.42092
1.42047
1.42017
1.42
1.4199
1.41973
1.41935
1.41857
1.41726
1.41538
1.41299
1.41039
1.40798
1.40629
1.40572
1.40645
1.40832
1.41092
1.41375
1.41639
1.41853
1.42006
1.42096
1.4213
1.42119
1.42075
1.4201
1.41934
1.41853
1.41771
1.41688
1.41602
1.41513
1.41418
1.41315
1.41204
1.41088
1.40968
1.4085
1.40736
1.40632
1.40544
1.40476
1.40433
1.40417
1.40429
1.40465
1.40522
1.40592
1.40669
1.40743
1.40804
1.40841
1.40837
1.40768
1.40599
1.40283
1.39772
1.39038
1.38129
1.37228
1.36641
1.36653
1.37306
1.38362
1.39488
1.40448
1.41157
1.41626
1.41905
1.42043
1.42081
1.42043
1.41944
1.41791
1.41591
1.41346
1.41064
1.40754
1.40429
1.40105
1.39802
1.39542
1.39347
1.39234
1.39212
1.39275
1.39409
1.39588
1.39785
1.39976
1.40146
1.40289
1.40404
1.40497
1.40572
1.40631
1.40674
1.40698
1.40701
1.40685
1.40655
1.4062
1.40589
1.40569
1.40559
1.40549
1.40523
1.40463
1.4036
1.40215
1.40048
1.39892
1.39788
1.39768
1.39844
1.40001
1.40204
1.40407
1.40569
1.40656
1.40645
1.40526
1.40298
1.39971
1.39573
1.39152
1.38777
1.38525
1.38464
1.38617
1.38958
1.39416
1.39904
1.40353
1.40717
1.4098
1.41147
1.41235
1.41271
1.41283
1.41296
1.41332
1.41402
1.41507
1.41637
1.41777
1.41905
1.41997
1.42032
1.41991
1.41859
1.41624
1.41281
1.40833
1.40297
1.39701
1.39092
1.38525
1.38059
1.37742
1.37599
1.37631
1.3782
1.38141
1.3857
1.39085
1.39664
1.40278
1.4089
1.41463
1.41967
1.42382
