1.2
1.2
1.2
1.2
1.2
1.2
1.2
1.2
1.2
1.2
1.2
1.2
1.2
1.2
1.2
1.2
1.2
1.20001
1.20001
1.20001
1.20001
1.20001
1.20001
1.20001
1.20001
1.20001
1.20001
1.20001
1.20001
1.20002
1.20002
1.20002
1.20002
1.20002
1.20002
1.20002
1.20002
1.20003
1.20003
1.20003
1.20003
1.20003
1.20003
1.20004
1.20004
1.20004
1.20004
1.20004
1.20004
1.20005
1.20005
1.20005
1.20005
1.20005
1.20006
1.20006
1.20006
1.20006
1.20006
1.20007
1.20007
1.20007
1.20007
1.20008
1.20008
1.20008
1.20008
1.20009
1.20009
1.20009
1.20009
1.2001
1.2001
1.2001
1.2001
1.20011
1.20011
1.20011
1.20012
1.20012
1.20012
1.20012
1.20013
1.20013
1.20013
1.20014
1.20014
1.20014
1.20015
1.20015
1.20015
1.20016
1.20016
1.20016
1.20017
1.20017
1.20018
1.20018
1.20018
1.20019
1.20019
1.20019
1.2002
1.2002
1.20021
1.20021
1.20021
1.20022
1.20022
1.20023
1.20023
1.20023
1.20024
1.20024
1.20025
1.20025
1.20026
1.20026
1.20027
1.20027
1.20027
1.20028
1.20028
1.20029
1.20029
1.2003
1.2003
1.20031
1.20031
1.20032
1.20032
1.20033
1.20033
1.20034
1.20034
1.20035
1.20035
1.20036
1.20036
1.20037
1.20038
1.20038
1.20039
1.20039
1.2004
1.2004
1.20041
1.20041
1.20042
1.20043
1.20043
1.20044
1.20044
1.20045
1.20046
1.20046
1.20047
1.20047
1.20048
1.20049
1.20049
1.2005
1.2005
1.20051
1.20052
1.20052
1.20053
1.20054
1.20054
1.20055
1.20056
1.20056
1.20057
1.20058
1.20058
1.20059
1.2006
1.20061
1.20061
1.20062
1.20063
1.20063
1.20064
1.20065
1.20066
1.20066
1.20067
1.20068
1.20068
1.20069
1.2007
1.20071
1.20072
1.20072
1.20073
1.20074
1.20075
1.20075
1.20076
1.20077
1.20078
1.20079
1.20079
1.2008
1.20081
1.20082
1.20083
1.20084
1.20084
1.20085
1.20086
1.20087
1.20088
1.20089
1.2009
1.2009
1.20091
1.20092
1.20093
1.20094
1.20095
1.20096
1.20097
1.20098
1.20098
1.20099
1.201
1.20101
1.20102
1.20103
1.20104
1.20105
1.20106
1.20107
1.20108
1.20109
1.2011
1.20111
1.20112
1.20113
1.20114
1.20115
1.20116
1.20117
1.20118
1.20119
1.2012
1.20121
1.20122
1.20123
1.20124
1.20125
1.20126
1.20127
1.20128
1.20129
1.2013
1.20131
1.20132
1.20133
1.20135
1.20136
1.20137
1.20138
1.20139
1.2014
1.20141
1.20142
1.20143
1.20145
1.20146
1.20147
1.20148
1.20149
1.2015
1.20151
1.20153
1.20154
1.20155
1.20156
1.20157
1.20159
1.2016
1.20161
1.20162
1.20163
1.20165
1.20166
1.20167
1.20168
1.2017
1.20171
1.20172
1.20173
1.20175
1.20176
1.20177
1.20178
1.2018
1.20181
1.20182
1.20184
1.20185
1.20186
1.20187
1.20189
1.2019
1.20191
1.20193
1.20194
1.20195
1.20197
1.20198
1.202
1.20201
1.20202
1.20204
1.20205
1.20206
1.20208
1.20209
1.20211
1.20212
1.20213
1.20215
1.20216
1.20218
1.20219
1.20221
1.20222
1.20224
1.20225
1.20226
1.20228
1.20229
1.20231
1.20232
1.20234
1.20235
1.20237
1.20238
1.2024
1.20241
1.20243
1.20245
1.20246
1.20248
1.20249
1.20251
1.20252
1.20254
1.20256
1.20257
1.20259
1.2026
1.20262
1.20264
1.20265
1.20267
1.20268
1.2027
1.20272
1.20273
1.20275
1.20277
1.20278
1.2028
1.20282
1.20283
1.20285
1.20287
1.20288
1.2029
1.20292
1.20294
1.20295
1.20297
1.20299
1.20301
1.20302
1.20304
1.20306
1.20308
1.20309
1.20311
1.20313
1.20315
1.20317
1.20318
1.2032
1.20322
1.20324
1.20326
1.20328
1.20329
1.20331
1.20333
1.20335
1.20337
1.20339
1.20341
1.20343
1.20344
1.20346
1.20348
1.2035
1.20352
1.20354
1.20356
1.20358
1.2036
1.20362
1.20364
1.20366
1.20368
1.2037
1.20372
1.20374
1.20376
1.20378
1.2038
1.20382
1.20384
1.20386
1.20388
1.2039
1.20392
1.20394
1.20396
1.20398
1.20401
1.20403
1.20405
1.20407
1.20409
1.20411
1.20413
1.20416
1.20418
1.2042
1.20422
1.20424
1.20426
1.20429
1.20431
1.20433
1.20435
1.20437
1.2044
1.20442
1.20444
1.20446
1.20449
1.20451
1.20453
1.20456
1.20458
1.2046
1.20462
1.20465
1.20467
1.20469
1.20472
1.20474
1.20477
1.20479
1.20481
1.20484
1.20486
1.20488
1.20491
1.20493
1.20496
1.20498
1.20501
1.20503
1.20505
1.20508
1.2051
1.20513
1.20515
1.20518
1.2052
1.20523
1.20525
1.20528
1.20531
1.20533
1.20536
1.20538
1.20541
1.20543
1.20546
1.20549
1.20551
1.20554
1.20556
1.20559
1.20562
1.20564
1.20567
1.2057
1.20572
1.20575
1.20578
1.2058
1.20583
1.20586
1.20589
1.20591
1.20594
1.20597
1.206
1.20602
1.20605
1.20608
1.20611
1.20614
1.20616
1.20619
1.20622
1.20625
1.20628
1.20631
1.20634
1.20637
1.20639
1.20642
1.20645
1.20648
1.20651
1.20654
1.20657
1.2066
1.20663
1.20666
1.20669
1.20672
1.20675
1.20678
1.20681
1.20684
1.20687
1.2069
1.20693
1.20697
1.207
1.20703
1.20706
1.20709
1.20712
1.20715
1.20718
1.20722
1.20725
1.20728
1.20731
1.20734
1.20738
1.20741
1.20744
1.20747
1.20751
1.20754
1.20757
1.20761
1.20764
1.20767
1.20771
1.20774
1.20777
1.20781
1.20784
1.20787
1.20791
1.20794
1.20798
1.20801
1.20805
1.20808
1.20811
1.20815
1.20818
1.20822
1.20825
1.20829
1.20833
1.20836
1.2084
1.20843
1.20847
1.2085
1.20854
1.20858
1.20861
1.20865
1.20869
1.20872
1.20876
1.2088
1.20883
1.20887
1.20891
1.20895
1.20898
1.20902
1.20906
1.2091
1.20913
1.20917
1.20921
1.20925
1.20929
1.20933
1.20937
1.2094
1.20944
1.20948
1.20952
1.20956
1.2096
1.20964
1.20968
1.20972
1.20976
1.2098
1.20984
1.20988
1.20992
1.20996
1.21001
1.21005
1.21009
1.21013
1.21017
1.21021
1.21025
1.2103
1.21034
1.21038
1.21042
1.21046
1.21051
1.21055
1.21059
1.21064
1.21068
1.21072
1.21077
1.21081
1.21085
1.2109
1.21094
1.21098
1.21103
1.21107
1.21112
1.21116
1.21121
1.21125
1.2113
1.21134
1.21139
1.21143
1.21148
1.21153
1.21157
1.21162
1.21167
1.21171
1.21176
1.21181
1.21185
1.2119
1.21195
1.21199
1.21204
1.21209
1.21214
1.21219
1.21223
1.21228
1.21233
1.21238
1.21243
1.21248
1.21253
1.21258
1.21263
1.21268
1.21273
1.21278
1.21283
1.21288
1.21293
1.21298
1.21303
1.21308
1.21313
1.21318
1.21324
1.21329
1.21334
1.21339
1.21344
1.2135
1.21355
1.2136
1.21365
1.21371
1.21376
1.21381
1.21387
1.21392
1.21398
1.21403
1.21408
1.21414
1.21419
1.21425
1.2143
1.21436
1.21441
1.21447
1.21453
1.21458
1.21464
1.2147
1.21475
1.21481
1.21487
1.21492
1.21498
1.21504
1.2151
1.21515
1.21521
1.21527
1.21533
1.21539
1.21545
1.2155
1.21556
1.21562
1.21568
1.21574
1.2158
1.21586
1.21592
1.21598
1.21605
1.21611
1.21617
1.21623
1.21629
1.21635
1.21642
1.21648
1.21654
1.2166
1.21667
1.21673
1.21679
1.21686
1.21692
1.21698
1.21705
1.21711
1.21718
1.21724
1.21731
1.21737
1.21744
1.2175
1.21757
1.21763
1.2177
1.21777
1.21783
1.2179
1.21797
1.21804
1.2181
1.21817
1.21824
1.21831
1.21838
1.21844
1.21851
1.21858
1.21865
1.21872
1.21879
1.21886
1.21893
1.219
1.21907
1.21915
1.21922
1.21929
1.21936
1.21943
1.2195
1.21958
1.21965
1.21972
1.2198
1.21987
1.21994
1.22002
1.22009
1.22016
1.22024
1.22031
1.22039
1.22046
1.22054
1.22062
1.22069
1.22077
1.22085
1.22092
1.221
1.22108
1.22115
1.22123
1.22131
1.22139
1.22147
1.22155
1.22163
1.22171
1.22178
1.22186
1.22195
1.22203
1.22211
1.22219
1.22227
1.22235
1.22243
1.22251
1.2226
1.22268
1.22276
1.22284
1.22293
1.22301
1.2231
1.22318
1.22326
1.22335
1.22343
1.22352
1.22361
1.22369
1.22378
1.22386
1.22395
1.22404
1.22413
1.22421
1.2243
1.22439
1.22448
1.22457
1.22466
1.22475
1.22483
1.22492
1.22501
1.22511
1.2252
1.22529
1.22538
1.22547
1.22556
1.22565
1.22575
1.22584
1.22593
1.22603
1.22612
1.22622
1.22631
1.2264
1.2265
1.2266
1.22669
1.22679
1.22688
1.22698
1.22708
1.22717
1.22727
1.22737
1.22747
1.22757
1.22767
1.22776
1.22786
1.22796
1.22806
1.22816
1.22827
1.22837
1.22847
1.22857
1.22867
1.22877
1.22888
1.22898
1.22908
1.22919
1.22929
1.2294
1.2295
1.22961
1.22971
1.22982
1.22992
1.23003
1.23014
1.23025
1.23035
1.23046
1.23057
1.23068
1.23079
1.2309
1.23101
1.23112
1.23123
1.23134
1.23145
1.23156
1.23167
1.23179
1.2319
1.23201
1.23213
1.23224
1.23235
1.23247
1.23258
1.2327
1.23281
1.23293
1.23305
1.23316
1.23328
1.2334
1.23352
1.23363
1.23375
1.23387
1.23399
1.23411
1.23423
1.23435
1.23447
1.2346
1.23472
1.23484
1.23496
1.23509
1.23521
1.23533
1.23546
1.23558
1.23571
1.23583
1.23596
1.23609
1.23621
1.23634
1.23647
1.2366
1.23672
1.23685
1.23698
1.23711
1.23724
1.23737
1.2375
1.23764
1.23777
1.2379
1.23803
1.23817
1.2383
1.23843
1.23857
1.2387
1.23884
1.23898
1.23911
1.23925
1.23939
1.23952
1.23966
1.2398
1.23994
1.24008
1.24022
1.24036
1.2405
1.24064
1.24078
1.24093
1.24107
1.24121
1.24136
1.2415
1.24164
1.24179
1.24194
1.24208
1.24223
1.24238
1.24252
1.24267
1.24282
1.24297
1.24312
1.24327
1.24342
1.24357
1.24372
1.24387
1.24403
1.24418
1.24433
1.24449
1.24464
1.24479
1.24495
1.24511
1.24526
1.24542
1.24558
1.24573
1.24589
1.24605
1.24621
1.24637
1.24653
1.24669
1.24686
1.24702
1.24718
1.24734
1.24751
1.24767
1.24784
1.248
1.24817
1.24833
1.2485
1.24867
1.24883
1.249
1.24917
1.24934
1.24951
1.24968
1.24985
1.25002
1.2502
1.25037
1.25054
1.25072
1.25089
1.25107
1.25124
1.25142
1.25159
1.25177
1.25195
1.25213
1.2523
1.25248
1.25266
1.25284
1.25302
1.25321
1.25339
1.25357
1.25375
1.25394
1.25412
1.25431
1.25449
1.25468
1.25486
1.25505
1.25524
1.25542
1.25561
1.2558
1.25599
1.25618
1.25637
1.25656
1.25675
1.25695
1.25714
1.25733
1.25752
1.25772
1.25791
1.25811
1.2583
1.2585
1.2587
1.25889
1.25909
1.25929
1.25949
1.25969
1.25989
1.26009
1.26029
1.26049
1.26069
1.26089
1.2611
1.2613
1.2615
1.26171
1.26191
1.26212
1.26232
1.26253
1.26274
1.26294
1.26315
1.26336
1.26356
1.26377
1.26398
1.26419
1.2644
1.26461
1.26482
1.26503
1.26524
1.26545
1.26566
1.26588
1.26609
1.2663
1.26651
1.26673
1.26694
1.26715
1.26737
1.26758
1.2678
1.26801
1.26823
1.26844
1.26866
1.26887
1.26909
1.2693
1.26952
1.26974
1.26995
1.27017
1.27038
1.2706
1.27082
1.27103
1.27125
1.27147
1.27168
1.2719
1.27211
1.27233
1.27255
1.27276
1.27298
1.27319
1.27341
1.27362
1.27384
1.27405
1.27427
1.27448
1.27469
1.27491
1.27512
1.27533
1.27554
1.27575
1.27596
1.27617
1.27638
1.27659
1.2768
1.27701
1.27721
1.27742
1.27762
1.27783
1.27803
1.27823
1.27843
1.27863
1.27883
1.27903
1.27923
1.27942
1.27962
1.27981
1.28001
1.2802
1.28039
1.28057
1.28076
1.28095
1.28113
1.28131
1.28149
1.28167
1.28185
1.28202
1.28219
1.28237
1.28253
1.2827
1.28287
1.28303
1.28319
1.28335
1.28351
1.28366
1.28381
1.28396
1.28411
1.28425
1.28439
1.28453
1.28467
1.2848
1.28493
1.28506
1.28519
1.28531
1.28543
1.28555
1.28566
1.28577
1.28588
1.28598
1.28609
1.28618
1.28628
1.28637
1.28646
1.28654
1.28663
1.2867
1.28678
1.28685
1.28692
1.28699
1.28705
1.28711
1.28716
1.28721
1.28726
1.28731
1.28735
1.28739
1.28743
1.28746
1.28749
1.28751
1.28754
1.28756
1.28758
1.28759
1.2876
1.28761
1.28762
1.28762
1.28763
1.28763
1.28762
1.28762
1.28761
1.2876
1.28759
1.28758
1.28757
1.28755
1.28754
1.28752
1.2875
1.28748
1.28746
1.28744
1.28742
1.2874
1.28738
1.28736
1.28734
1.28732
1.2873
1.28728
1.28727
1.28725
1.28723
1.28722
1.2872
1.28719
1.28718
1.28717
1.28716
1.28716
1.28715
1.28715
1.28715
1.28716
1.28716
1.28717
1.28718
1.28719
1.2872
1.28722
1.28724
1.28726
1.28728
1.28731
1.28733
1.28736
1.2874
1.28743
1.28747
1.2875
1.28754
1.28758
1.28763
1.28767
1.28771
1.28776
1.28781
1.28785
1.2879
1.28795
1.288
1.28805
1.2881
1.28815
1.28819
1.28824
1.28829
1.28834
1.28838
1.28842
1.28847
1.28851
1.28855
1.28858
1.28862
1.28865
1.28869
1.28872
1.28874
1.28877
1.28879
1.28881
1.28883
1.28884
1.28886
1.28887
1.28887
1.28888
1.28888
1.28888
1.28888
1.28888
1.28888
1.28887
1.28886
1.28885
1.28884
1.28883
1.28882
1.28881
1.2888
1.28878
1.28877
1.28876
1.28875
1.28875
1.28874
1.28874
1.28874
1.28874
1.28874
1.28875
1.28877
1.28879
1.28881
1.28884
1.28887
1.28891
1.28896
1.28902
1.28908
1.28915
1.28923
1.28932
1.28941
1.28952
1.28964
1.28976
1.2899
1.29005
1.2902
1.29037
1.29055
1.29075
1.29095
1.29117
1.2914
1.29164
1.29189
1.29216
1.29244
1.29273
1.29304
1.29335
1.29368
1.29403
1.29438
1.29475
1.29513
1.29552
1.29592
1.29633
1.29676
1.29719
1.29764
1.29809
1.29856
1.29904
1.29952
1.30002
1.30052
1.30103
1.30155
1.30207
1.30261
1.30315
1.30369
1.30424
1.3048
1.30536
1.30592
1.30649
1.30706
1.30764
1.30821
1.30879
1.30937
1.30995
1.31054
1.31112
1.3117
1.31229
1.31287
1.31345
1.31403
1.31461
1.31518
1.31576
1.31633
1.3169
1.31746
1.31803
1.31859
1.31914
1.31969
1.32024
1.32078
1.32132
1.32185
1.32238
1.32291
1.32343
1.32394
1.32445
1.32495
1.32545
1.32594
1.32643
1.32691
1.32739
1.32786
1.32833
1.32879
1.32924
1.32969
1.33014
1.33058
1.33101
1.33144
1.33186
1.33228
1.3327
1.3331
1.33351
1.33391
1.3343
1.33469
1.33508
1.33546
1.33583
1.33621
1.33657
1.33694
1.3373
1.33766
1.33801
1.33836
1.3387
1.33905
1.33939
1.33972
1.34006
1.34039
1.34071
1.34104
1.34136
1.34168
1.342
1.34231
1.34263
1.34294
1.34325
1.34355
1.34386
1.34416
1.34446
1.34476
1.34506
1.34536
1.34566
1.34595
1.34625
1.34654
1.34683
1.34712
1.34741
1.3477
1.34799
1.34827
1.34856
1.34885
1.34913
1.34942
1.3497
1.34998
1.35026
1.35055
1.35083
1.35111
1.35139
1.35167
1.35195
1.35223
1.3525
1.35278
1.35306
1.35333
1.35361
1.35388
1.35416
1.35443
1.3547
1.35498
1.35525
1.35552
1.35579
1.35605
1.35632
1.35659
1.35685
1.35712
1.35738
1.35764
1.3579
1.35816
1.35841
1.35867
1.35892
1.35918
1.35943
1.35967
1.35992
1.36017
1.36041
1.36065
1.36089
1.36112
1.36136
1.36159
1.36182
1.36204
1.36227
1.36249
1.3627
1.36292
1.36313
1.36334
1.36354
1.36374
1.36394
1.36414
1.36433
1.36452
1.3647
1.36488
1.36506
1.36523
1.3654
1.36556
1.36572
1.36588
1.36603
1.36617
1.36631
1.36645
1.36658
1.36671
1.36683
1.36695
1.36706
1.36717
1.36727
1.36736
1.36746
1.36754
1.36762
1.36769
1.36776
1.36782
1.36788
1.36793
1.36797
1.36801
1.36804
1.36806
1.36808
1.36809
1.3681
1.3681
1.36809
1.36808
1.36805
1.36802
1.36799
1.36795
1.3679
1.36784
1.36778
1.3677
1.36763
1.36754
1.36745
1.36735
1.36724
1.36712
1.367
1.36687
1.36673
1.36658
1.36643
1.36627
1.3661
1.36592
1.36574
1.36554
1.36534
1.36514
1.36492
1.3647
1.36447
1.36423
1.36398
1.36373
1.36347
1.3632
1.36292
1.36264
1.36235
1.36205
1.36175
1.36143
1.36111
1.36079
1.36045
1.36011
1.35977
1.35941
1.35905
1.35868
1.35831
1.35793
1.35754
1.35715
1.35676
1.35635
1.35594
1.35553
1.35511
1.35469
1.35426
1.35382
1.35338
1.35294
1.35249
1.35204
1.35159
1.35113
1.35067
1.3502
1.34973
1.34926
1.34879
1.34832
1.34784
1.34736
1.34688
1.3464
1.34591
1.34543
1.34494
1.34446
1.34397
1.34349
1.343
1.34252
1.34204
1.34156
1.34108
1.3406
1.34012
1.33965
1.33918
1.33871
1.33825
1.33778
1.33733
1.33687
1.33642
1.33598
1.33554
1.33511
1.33468
1.33425
1.33384
1.33343
1.33302
1.33262
1.33223
1.33185
1.33148
1.33111
1.33075
1.3304
1.33006
1.32973
1.3294
1.32909
1.32879
1.32849
1.32821
1.32794
1.32768
1.32743
1.32719
1.32696
1.32674
1.32654
1.32635
1.32617
1.326
1.32585
1.32571
1.32558
1.32547
1.32537
1.32529
1.32521
1.32516
1.32511
1.32508
1.32507
1.32507
1.32509
1.32512
1.32516
1.32522
1.3253
1.32539
1.3255
1.32562
1.32576
1.32591
1.32608
1.32626
1.32646
1.32667
1.3269
1.32715
1.32741
1.32768
1.32797
1.32828
1.3286
1.32894
1.32929
1.32965
1.33003
1.33043
1.33083
1.33125
1.33169
1.33214
1.3326
1.33307
1.33356
1.33406
1.33458
1.3351
1.33564
1.33618
1.33674
1.33731
1.33789
1.33848
1.33908
1.33969
1.34031
1.34094
1.34157
1.34222
1.34287
1.34352
1.34419
1.34486
1.34554
1.34622
1.34691
1.3476
1.34829
1.34899
1.3497
1.3504
1.35111
1.35182
1.35253
1.35324
1.35395
1.35466
1.35537
1.35608
1.35679
1.35749
1.35819
1.35889
1.35958
1.36027
1.36095
1.36163
1.3623
1.36297
1.36362
1.36427
1.36491
1.36554
1.36616
1.36677
1.36737
1.36796
1.36854
1.3691
1.36965
1.37018
1.3707
1.37121
1.3717
1.37217
1.37263
1.37307
1.37349
1.37389
1.37427
1.37464
1.37498
1.3753
1.3756
1.37588
1.37614
1.37638
1.37659
1.37677
1.37694
1.37708
1.37719
1.37728
1.37735
1.37739
1.3774
1.37739
1.37735
1.37729
1.3772
1.37709
1.37694
1.37678
1.37659
1.37637
1.37613
1.37586
1.37558
1.37527
1.37493
1.37458
1.37421
1.37381
1.3734
1.37297
1.37253
1.37207
1.37161
1.37113
1.37064
1.37014
1.36964
1.36914
1.36864
1.36813
1.36763
1.36714
1.36665
1.36618
1.36572
1.36527
1.36484
1.36443
1.36405
1.36369
1.36335
1.36305
1.36277
1.36253
1.36232
1.36215
1.36202
1.36193
1.36187
1.36186
1.36189
1.36196
1.36208
1.36223
1.36243
1.36268
1.36296
1.36329
1.36365
1.36406
1.36451
1.36499
1.3655
1.36605
1.36663
1.36725
1.36788
1.36855
1.36924
1.36995
1.37068
1.37142
1.37218
1.37296
1.37374
1.37453
1.37533
1.37613
1.37694
1.37774
1.37854
1.37934
1.20036
1.20109
1.20181
1.20252
1.20323
1.20392
1.20461
1.20528
1.20594
1.20658
1.20721
1.20783
1.20843
1.20901
1.20958
1.21013
1.21066
1.21118
1.21167
1.21215
1.21261
1.21306
1.21348
1.21389
1.21428
1.21465
1.21501
1.21534
1.21566
1.21597
1.21625
1.21652
1.21677
1.21701
1.21723
1.21743
1.21762
1.21779
1.21795
1.21809
1.21822
1.21834
1.21844
1.21853
1.2186
1.21867
1.21872
1.21875
1.21878
1.21879
1.21879
1.21879
1.21877
1.21873
1.21869
1.21864
1.21858
1.21851
1.21843
1.21834
1.21823
1.21812
1.21801
1.21788
1.21774
1.2176
1.21744
1.21728
1.21711
1.21694
1.21675
1.21656
1.21636
1.21615
1.21593
1.21571
1.21548
1.21524
1.21499
1.21474
1.21448
1.21422
1.21395
1.21367
1.21338
1.21309
1.21279
1.21248
1.21217
1.21185
1.21153
1.2112
1.21086
1.21052
1.21017
1.20982
1.20946
1.2091
1.20873
1.20835
1.20797
1.20759
1.2072
1.2068
1.2064
1.206
1.20559
1.20518
1.20476
1.20434
1.20392
1.20349
1.20307
1.20263
1.2022
1.20176
1.20132
1.20089
1.20044
1.2
1.19956
1.19912
1.19867
1.19823
1.19779
1.19735
1.19691
1.19647
1.19604
1.1956
1.19518
1.19475
1.19433
1.19391
1.1935
1.1931
1.1927
1.19231
1.19192
1.19154
1.19117
1.19081
1.19046
1.19012
1.18978
1.18946
1.18915
1.18885
1.18856
1.18828
1.18802
1.18777
1.18753
1.18731
1.1871
1.18691
1.18673
1.18656
1.18641
1.18628
1.18616
1.18605
1.18596
1.18589
1.18584
1.1858
1.18577
1.18576
1.18577
1.18579
1.18583
1.18589
1.18596
1.18604
1.18614
1.18625
1.18638
1.18652
1.18668
1.18684
1.18702
1.18721
1.18742
1.18763
1.18786
1.18809
1.18834
1.18859
1.18885
1.18912
1.1894
1.18968
1.18998
1.19027
1.19057
1.19088
1.19119
1.1915
1.19182
1.19214
1.19246
1.19278
1.19311
1.19343
1.19376
1.19408
1.1944
1.19473
1.19505
1.19536
1.19568
1.19599
1.1963
1.19661
1.19691
1.19721
1.1975
1.19779
1.19808
1.19835
1.19863
1.1989
1.19916
1.19942
1.19967
1.19992
1.20016
1.20039
1.20062
1.20084
1.20105
1.20126
1.20146
1.20166
1.20184
1.20203
1.2022
1.20237
1.20253
1.20269
1.20284
1.20299
1.20312
1.20325
1.20338
1.2035
1.20361
1.20372
1.20382
1.20392
1.20401
1.2041
1.20418
1.20425
1.20432
1.20439
1.20445
1.2045
1.20456
1.2046
1.20464
1.20468
1.20472
1.20475
1.20477
1.2048
1.20482
1.20483
1.20484
1.20485
1.20486
1.20486
1.20486
1.20486
1.20486
1.20485
1.20484
1.20483
1.20482
1.2048
1.20478
1.20476
1.20474
1.20472
1.2047
1.20467
1.20464
1.20462
1.20459
1.20456
1.20453
1.20449
1.20446
1.20443
1.20439
1.20436
1.20432
1.20429
1.20425
1.20421
1.20418
1.20414
1.2041
1.20406
1.20403
1.20399
1.20395
1.20391
1.20387
1.20383
1.20379
1.20376
1.20372
1.20368
1.20364
1.2036
1.20356
1.20352
1.20349
1.20345
1.20341
1.20337
1.20333
1.20329
1.20325
1.20321
1.20317
1.20313
1.20309
1.20305
1.20301
1.20297
1.20293
1.20289
1.20285
1.20281
1.20276
1.20272
1.20268
1.20263
1.20259
1.20254
1.2025
1.20245
1.2024
1.20236
1.20231
1.20226
1.20221
1.20215
1.2021
1.20205
1.20199
1.20194
1.20188
1.20182
1.20176
1.2017
1.20164
1.20158
1.20151
1.20145
1.20138
1.20131
1.20124
1.20117
1.2011
1.20103
1.20095
1.20088
1.2008
1.20072
1.20064
1.20056
1.20048
1.20039
1.20031
1.20022
1.20013
1.20004
1.19995
1.19986
1.19977
1.19967
1.19958
1.19948
1.19938
1.19928
1.19918
1.19908
1.19898
1.19888
1.19877
1.19867
1.19856
1.19846
1.19835
1.19824
1.19813
1.19802
1.19791
1.1978
1.19769
1.19758
1.19747
1.19735
1.19724
1.19713
1.19702
1.1969
1.19679
1.19668
1.19656
1.19645
1.19634
1.19622
1.19611
1.196
1.19588
1.19577
1.19566
1.19555
1.19543
1.19532
1.19521
1.1951
1.19499
1.19488
1.19477
1.19466
1.19455
1.19444
1.19433
1.19422
1.19412
1.19401
1.1939
1.19379
1.19368
1.19358
1.19347
1.19336
1.19326
1.19315
1.19304
1.19293
1.19282
1.19272
1.19261
1.1925
1.19239
1.19228
1.19216
1.19205
1.19194
1.19182
1.19171
1.19159
1.19147
1.19135
1.19123
1.19111
1.19099
1.19086
1.19073
1.1906
1.19047
1.19033
1.1902
1.19006
1.18992
1.18977
1.18963
1.18948
1.18933
1.18917
1.18902
1.18886
1.1887
1.18853
1.18837
1.1882
1.18802
1.18785
1.18767
1.18749
1.18731
1.18713
1.18694
1.18675
1.18657
1.18637
1.18618
1.18599
1.18579
1.1856
1.1854
1.18521
1.18501
1.18482
1.18462
1.18443
1.18424
1.18405
1.18386
1.18368
1.18349
1.18332
1.18314
1.18297
1.1828
1.18264
1.18249
1.18234
1.1822
1.18206
1.18193
1.18181
1.1817
1.1816
1.1815
1.18142
1.18135
1.18128
1.18123
1.18119
1.18116
1.18114
1.18113
1.18114
1.18115
1.18119
1.18123
1.18129
1.18136
1.18144
1.18154
1.18165
1.18177
1.18191
1.18206
1.18223
1.1824
1.1826
1.1828
1.18302
1.18325
1.18349
1.18374
1.18401
1.18428
1.18457
1.18487
1.18518
1.1855
1.18582
1.18616
1.18651
1.18686
1.18722
1.18759
1.18797
1.18835
1.18874
1.18913
1.18953
1.18993
1.19034
1.19075
1.19116
1.19158
1.192
1.19242
1.19284
1.19326
1.19369
1.19411
1.19453
1.19496
1.19538
1.1958
1.19622
1.19664
1.19706
1.19747
1.19788
1.19829
1.1987
1.1991
1.1995
1.19989
1.20029
1.20067
1.20106
1.20144
1.20181
1.20218
1.20255
1.20291
1.20327
1.20362
1.20396
1.20431
1.20464
1.20497
1.2053
1.20562
1.20593
1.20624
1.20655
1.20685
1.20714
1.20743
1.20771
1.20799
1.20826
1.20852
1.20879
1.20904
1.20929
1.20953
1.20977
1.21001
1.21023
1.21046
1.21067
1.21088
1.21109
1.21129
1.21149
1.21168
1.21186
1.21204
1.21222
1.21238
1.21255
1.21271
1.21286
1.21301
1.21315
1.21329
1.21343
1.21356
1.21368
1.2138
1.21391
1.21402
1.21413
1.21423
1.21432
1.21441
1.2145
1.21458
1.21466
1.21473
1.2148
1.21487
1.21493
1.21498
1.21504
1.21508
1.21513
1.21517
1.2152
1.21524
1.21527
1.21529
1.21531
1.21533
1.21535
1.21536
1.21537
1.21537
1.21538
1.21537
1.21537
1.21537
1.21536
1.21535
1.21533
1.21532
1.2153
1.21528
1.21526
1.21523
1.21521
1.21518
1.21515
1.21512
1.21509
1.21505
1.21502
1.21498
1.21495
1.21491
1.21488
1.21484
1.2148
1.21476
1.21472
1.21469
1.21465
1.21461
1.21457
1.21454
1.2145
1.21446
1.21443
1.2144
1.21436
1.21433
1.2143
1.21427
1.21425
1.21422
1.2142
1.21417
1.21415
1.21414
1.21412
1.21411
1.21409
1.21408
1.21408
1.21407
1.21407
1.21407
1.21407
1.21408
1.21409
1.2141
1.21412
1.21413
1.21415
1.21418
1.2142
1.21423
1.21427
1.2143
1.21434
1.21439
1.21443
1.21448
1.21453
1.21459
1.21465
1.21471
1.21478
1.21485
1.21492
1.215
1.21508
1.21517
1.21525
1.21535
1.21544
1.21554
1.21564
1.21575
1.21586
1.21597
1.21608
1.2162
1.21633
1.21645
1.21658
1.21671
1.21685
1.21699
1.21713
1.21728
1.21742
1.21758
1.21773
1.21789
1.21805
1.21821
1.21837
1.21854
1.21871
1.21888
1.21905
1.21923
1.2194
1.21958
1.21976
1.21994
1.22012
1.2203
1.22049
1.22067
1.22085
1.22104
1.22122
1.2214
1.22158
1.22176
1.22194
1.22211
1.22229
1.22246
1.22263
1.2228
1.22296
1.22312
1.22328
1.22343
1.22357
1.22372
1.22385
1.22398
1.22411
1.22423
1.22434
1.22444
1.22454
1.22463
1.22471
1.22478
1.22484
1.22489
1.22493
1.22496
1.22499
1.225
1.22499
1.22498
1.22495
1.22492
1.22486
1.2248
1.22472
1.22463
1.22452
1.2244
1.22426
1.2241
1.22393
1.22375
1.22355
1.22333
1.22309
1.22284
1.22257
1.22228
1.22198
1.22165
1.22131
1.22095
1.22058
1.22018
1.21977
1.21934
1.21889
1.21842
1.21794
1.21743
1.21692
1.21638
1.21583
1.21526
1.21467
1.21407
1.21346
1.21283
1.21219
1.21154
1.21088
1.2102
1.20952
1.20883
1.20813
1.20742
1.20671
1.20599
1.20528
1.20456
1.20384
1.20313
1.20242
1.20172
1.20102
1.20033
1.19966
1.19899
1.19835
1.19771
1.1971
1.19651
1.19594
1.1954
1.19488
1.19439
1.19393
1.1935
1.1931
1.19274
1.19242
1.19213
1.19189
1.19168
1.19152
1.19139
1.19131
1.19128
1.19128
1.19134
1.19143
1.19157
1.19176
1.19199
1.19227
1.19259
1.19295
1.19335
1.19379
1.19428
1.1948
1.19536
1.19596
1.19659
1.19725
1.19794
1.19866
1.19941
1.20019
1.20099
1.20181
1.20265
1.2035
1.20438
1.20526
1.20616
1.20707
1.20799
1.20891
1.20984
1.21077
1.2117
1.21263
1.21356
1.21448
1.2154
1.21631
1.21722
1.21811
1.219
1.21987
1.22073
1.22158
1.22241
1.22323
1.22403
1.22481
1.22558
1.22632
1.22705
1.22776
1.22845
1.22912
1.22977
1.23039
1.231
1.23158
1.23214
1.23268
1.2332
1.23369
1.23416
1.23461
1.23503
1.23544
1.23582
1.23618
1.23651
1.23683
1.23712
1.23739
1.23763
1.23786
1.23806
1.23824
1.23841
1.23855
1.23867
1.23877
1.23885
1.23891
1.23895
1.23898
1.23898
1.23897
1.23895
1.2389
1.23884
1.23876
1.23867
1.23857
1.23845
1.23832
1.23818
1.23802
1.23786
1.23768
1.2375
1.2373
1.2371
1.2369
1.23668
1.23646
1.23624
1.23601
1.23578
1.23555
1.23532
1.23509
1.23486
1.23462
1.2344
1.23417
1.23395
1.23374
1.23352
1.23332
1.23312
1.23293
1.23275
1.23258
1.23242
1.23227
1.23212
1.23199
1.23188
1.23177
1.23167
1.23159
1.23152
1.23146
1.23142
1.23139
1.23137
1.23137
1.23138
1.2314
1.23143
1.23148
1.23154
1.23161
1.23169
1.23179
1.23189
1.23201
1.23213
1.23227
1.23241
1.23257
1.23273
1.2329
1.23307
1.23326
1.23344
1.23364
1.23383
1.23404
1.23424
1.23445
1.23466
1.23488
1.23509
1.2353
1.23552
1.23574
1.23595
1.23616
1.23638
1.23659
1.2368
1.237
1.23721
1.23741
1.2376
1.2378
1.23799
1.23817
1.23835
1.23853
1.2387
1.23887
1.23903
1.23919
1.23934
1.23949
1.23963
1.23977
1.2399
1.24003
1.24015
1.24027
1.24038
1.24049
1.24059
1.24069
1.24078
1.24087
1.24096
1.24104
1.24111
1.24119
1.24125
1.24132
1.24138
1.24144
1.24149
1.24154
1.24159
1.24163
1.24167
1.24171
1.24174
1.24178
1.24181
1.24183
1.24186
1.24188
1.2419
1.24191
1.24193
1.24194
1.24195
1.24196
1.24196
1.24197
1.24197
1.24197
1.24196
1.24196
1.24195
1.24194
1.24193
1.24191
1.2419
1.24188
1.24186
1.24183
1.24181
1.24178
1.24175
1.24171
1.24168
1.24164
1.24159
1.24155
1.2415
1.24145
1.24139
1.24133
1.24127
1.2412
1.24113
1.24105
1.24098
1.24089
1.24081
1.24071
1.24062
1.24052
1.24041
1.2403
1.24019
1.24006
1.23994
1.23981
1.23967
1.23953
1.23938
1.23922
1.23906
1.2389
1.23873
1.23855
1.23836
1.23817
1.23797
1.23777
1.23756
1.23734
1.23711
1.23688
1.23664
1.2364
1.23614
1.23588
1.23561
1.23534
1.23506
1.23477
1.23447
1.23417
1.23386
1.23354
1.23322
1.23289
1.23255
1.2322
1.23185
1.23149
1.23113
1.23075
1.23037
1.22999
1.2296
1.2292
1.22879
1.22839
1.22797
1.22755
1.22712
1.22669
1.22626
1.22582
1.22537
1.22492
1.22447
1.22401
1.22356
1.22309
1.22263
1.22216
1.22169
1.22122
1.22075
1.22028
1.2198
1.21933
1.21886
1.21838
1.21791
1.21744
1.21697
1.2165
1.21604
1.21558
1.21512
1.21466
1.21421
1.21377
1.21333
1.21289
1.21246
1.21204
1.21162
1.21121
1.2108
1.21041
1.21002
1.20964
1.20927
1.20891
1.20856
1.20821
1.20788
1.20756
1.20724
1.20694
1.20665
1.20637
1.2061
1.20585
1.2056
1.20537
1.20515
1.20494
1.20474
1.20455
1.20438
1.20422
1.20407
1.20394
1.20381
1.2037
1.20361
1.20352
1.20345
1.20339
1.20334
1.20331
1.20328
1.20327
1.20327
1.20329
1.20331
1.20335
1.2034
1.20346
1.20353
1.20361
1.20371
1.20382
1.20393
1.20406
1.2042
1.20435
1.20451
1.20468
1.20486
1.20505
1.20525
1.20546
1.20568
1.20591
1.20615
1.20639
1.20665
1.20692
1.2072
1.20748
1.20778
1.20808
1.20839
1.20871
1.20904
1.20938
1.20972
1.21007
1.21044
1.21081
1.21118
1.21157
1.21196
1.21236
1.21277
1.21318
1.2136
1.21403
1.21446
1.2149
1.21535
1.21581
1.21626
1.21673
1.2172
1.21767
1.21815
1.21864
1.21913
1.21962
1.22012
1.22062
1.22113
1.22164
1.22215
1.22266
1.22318
1.22369
1.22421
1.22473
1.22525
1.22578
1.2263
1.22682
1.22734
1.22786
1.22838
1.2289
1.22941
1.22993
1.23044
1.23095
1.23145
1.23195
1.23245
1.23294
1.23343
1.23392
1.2344
1.23487
1.23533
1.2358
1.23625
1.2367
1.23714
1.23757
1.23799
1.23841
1.23882
1.23922
1.23961
1.24
1.24037
1.24073
1.24109
1.24143
1.24177
1.2421
1.24241
1.24272
1.24301
1.24329
1.24357
1.24383
1.24408
1.24432
1.24455
1.24477
1.24497
1.24517
1.24535
1.24552
1.24568
1.24583
1.24597
1.2461
1.24621
1.24631
1.2464
1.24648
1.24655
1.24661
1.24665
1.24668
1.24671
1.24672
1.24671
1.2467
1.24668
1.24664
1.2466
1.24654
1.24647
1.24639
1.2463
1.2462
1.24609
1.24596
1.24583
1.24569
1.24553
1.24536
1.24519
1.245
1.2448
1.24459
1.24438
1.24415
1.24391
1.24366
1.2434
1.24313
1.24285
1.24255
1.24225
1.24194
1.24161
1.24128
1.24094
1.24058
1.24021
1.23983
1.23945
1.23905
1.23863
1.23821
1.23778
1.23733
1.23687
1.2364
1.23592
1.23542
1.23492
1.2344
1.23387
1.23332
1.23277
1.2322
1.23161
1.23102
1.23041
1.22979
1.22916
1.22852
1.22786
1.22719
1.22651
1.22582
1.22512
1.22441
1.22369
1.22297
1.22223
1.22149
1.22074
1.21999
1.21923
1.21847
1.21771
1.21695
1.21619
1.21544
1.21469
1.21394
1.21321
1.21249
1.21178
1.21109
1.21041
1.20975
1.20912
1.20851
1.20793
1.20737
1.20685
1.20636
1.2059
1.20549
1.20511
1.20477
1.20448
1.20423
1.20402
1.20387
1.20376
1.2037
1.20369
1.20373
1.20382
1.20397
1.20416
1.2044
1.20469
1.20503
1.20542
1.20586
1.20633
1.20686
1.20742
1.20802
1.20866
1.20933
1.21004
1.21078
1.21154
1.21233
1.21315
1.21398
1.21483
1.2157
1.21658
1.21747
1.21837
1.21927
1.22018
1.22109
1.222
1.2229
1.2238
1.22469
1.22558
1.22645
1.22732
1.22817
1.22901
1.22983
1.23064
1.23143
1.2322
1.23296
1.2337
1.23441
1.23511
1.23579
1.23644
1.23708
1.2377
1.23829
1.23887
1.23942
1.23996
1.24047
1.24096
1.24144
1.24189
1.24232
1.24274
1.24314
1.24351
1.24387
1.24422
1.24454
1.24485
1.24514
1.24542
1.24568
1.24592
1.24616
1.24637
1.24658
1.24677
1.24694
1.24711
1.24726
1.2474
1.24753
1.24765
1.24776
1.24786
1.24794
1.24802
1.24809
1.24816
1.24821
1.24826
1.24829
1.24832
1.24835
1.24837
1.24838
1.24838
1.24838
1.24837
1.24836
1.24835
1.24833
1.2483
1.24827
1.24824
1.2482
1.24816
1.24812
1.24807
1.24802
1.24796
1.24791
1.24785
1.24779
1.24773
1.24767
1.2476
1.24753
1.24746
1.24739
1.24732
1.24725
1.24718
1.24711
1.24703
1.24696
1.24688
1.24681
1.24673
1.24666
1.24658
1.2465
1.24643
1.24635
1.24628
1.2462
1.24613
1.24605
1.24598
1.24591
1.24583
1.24576
1.24569
1.24562
1.24555
1.24548
1.24541
1.24534
1.24527
1.2452
1.24513
1.24506
1.24499
1.24492
1.24486
1.24479
1.24472
1.24466
1.24459
1.24452
1.24445
1.24438
1.24432
1.24425
1.24418
1.24411
1.24403
1.24396
1.24389
1.24381
1.24374
1.24366
1.24358
1.2435
1.24342
1.24333
1.24324
1.24315
1.24306
1.24297
1.24287
1.24277
1.24267
1.24256
1.24245
1.24233
1.24222
1.24209
1.24197
1.24184
1.2417
1.24157
1.24142
1.24127
1.24112
1.24096
1.2408
1.24063
1.24045
1.24027
1.24009
1.23989
1.23969
1.23949
1.23928
1.23906
1.23884
1.23861
1.23837
1.23812
1.23787
1.23762
1.23735
1.23708
1.2368
1.23651
1.23622
1.23592
1.23561
1.23529
1.23497
1.23464
1.2343
1.23395
1.2336
1.23324
1.23287
1.23249
1.23211
1.23172
1.23132
1.23092
1.23051
1.23009
1.22967
1.22923
1.2288
1.22835
1.2279
1.22744
1.22698
1.22651
1.22604
1.22556
1.22507
1.22458
1.22409
1.22359
1.22308
1.22258
1.22206
1.22155
1.22103
1.22051
1.21998
1.21945
1.21892
1.21839
1.21786
1.21732
1.21679
1.21625
1.21571
1.21518
1.21464
1.2141
1.21357
1.21303
1.2125
1.21197
1.21144
1.21092
1.21039
1.20988
1.20936
1.20885
1.20834
1.20784
1.20735
1.20686
1.20638
1.2059
1.20543
1.20496
1.20451
1.20406
1.20362
1.20319
1.20277
1.20236
1.20195
1.20156
1.20118
1.20081
1.20045
1.2001
1.19976
1.19943
1.19911
1.19881
1.19852
1.19824
1.19798
1.19772
1.19748
1.19726
1.19704
1.19684
1.19666
1.19649
1.19633
1.19618
1.19605
1.19593
1.19583
1.19574
1.19566
1.1956
1.19555
1.19552
1.19549
1.19549
1.19549
1.19551
1.19554
1.19558
1.19564
1.1957
1.19578
1.19587
1.19598
1.19609
1.19622
1.19635
1.1965
1.19665
1.19682
1.197
1.19718
1.19738
1.19758
1.19779
1.19802
1.19824
1.19848
1.19872
1.19897
1.19923
1.1995
1.19977
1.20004
1.20032
1.20061
1.2009
1.2012
1.2015
1.2018
1.20211
1.20242
1.20274
1.20306
1.20338
1.2037
1.20403
1.20436
1.20469
1.20502
1.20536
1.20569
1.20603
1.20636
1.2067
1.20704
1.20738
1.20771
1.20805
1.20839
1.20873
1.20906
1.2094
1.20973
1.21007
1.2104
1.21073
1.21106
1.21138
1.21171
1.21203
1.21235
1.21267
1.21298
1.2133
1.21361
1.21391
1.21422
1.21452
1.21482
1.21511
1.2154
1.21569
1.21598
1.21626
1.21654
1.21681
1.21708
1.21734
1.21761
1.21787
1.21812
1.21837
1.21862
1.21886
1.21909
1.21933
1.21956
1.21978
1.22
1.22022
1.22043
1.22064
1.22084
1.22104
1.22124
1.22143
1.22161
1.22179
1.22197
1.22214
1.22231
1.22248
1.22264
1.22279
1.22295
1.22309
1.22324
1.22338
1.22351
1.22364
1.22377
1.2239
1.22402
1.22413
1.22424
1.22435
1.22446
1.22456
1.22466
1.22475
1.22484
1.22493
1.22501
1.22509
1.22517
1.22524
1.22532
1.22538
1.22545
1.22551
1.22557
1.22563
1.22568
1.22573
1.22578
1.22583
1.22587
1.22591
1.22595
1.22599
1.22602
1.22605
1.22608
1.22611
1.22613
1.22616
1.22618
1.2262
1.22621
1.22623
1.22624
1.22625
1.2
1.20001
1.20002
1.20002
1.20002
1.20003
1.20003
1.20003
1.20002
1.20002
1.20001
1.20001
1.2
1.19999
1.19999
1.19998
1.19997
1.19995
1.19994
1.19993
1.19991
1.1999
1.19988
1.19987
1.19985
1.19983
1.19981
1.19979
1.19977
1.19975
1.19973
1.19971
1.19969
1.19966
1.19964
1.19962
1.19959
1.19957
1.19954
1.19951
1.19949
1.19946
1.19943
1.1994
1.19938
1.19935
1.19932
1.19929
1.19926
1.19923
1.1992
1.19917
1.19913
1.1991
1.19907
1.19904
1.199
1.19897
1.19894
1.1989
1.19887
1.19883
1.1988
1.19876
1.19873
1.19869
1.19866
1.19862
1.19858
1.19855
1.19851
1.19847
1.19843
1.1984
1.19836
1.19832
1.19828
1.19824
1.1982
1.19816
1.19812
1.19808
1.19804
1.198
1.19796
1.19791
1.19787
1.19783
1.19779
1.19775
1.1977
1.19766
1.19762
1.19757
1.19753
1.19748
1.19744
1.19739
1.19735
1.1973
1.19726
1.19721
1.19717
1.19712
1.19707
1.19703
1.19698
1.19693
1.19689
1.19684
1.19679
1.19674
1.19669
1.19665
1.1966
1.19655
1.1965
1.19645
1.1964
1.19635
1.1963
1.19625
1.1962
1.19615
1.1961
1.19605
1.196
1.19595
1.1959
1.19585
1.19579
1.19574
1.19569
1.19564
1.19559
1.19553
1.19548
1.19543
1.19538
1.19532
1.19527
1.19522
1.19516
1.19511
1.19506
1.195
1.19495
1.1949
1.19484
1.19479
1.19474
1.19468
1.19463
1.19457
1.19452
1.19447
1.19441
1.19436
1.1943
1.19425
1.1942
1.19414
1.19409
1.19403
1.19398
1.19392
1.19387
1.19381
1.19376
1.19371
1.19365
1.1936
1.19354
1.19349
1.19343
1.19338
1.19332
1.19327
1.19321
1.19316
1.19311
1.19305
1.193
1.19294
1.19289
1.19283
1.19278
1.19273
1.19267
1.19262
1.19256
1.19251
1.19246
1.1924
1.19235
1.19229
1.19224
1.19219
1.19213
1.19208
1.19203
1.19197
1.19192
1.19187
1.19181
1.19176
1.19171
1.19166
1.1916
1.19155
1.1915
1.19145
1.19139
1.19134
1.19129
1.19124
1.19119
1.19113
1.19108
1.19103
1.19098
1.19093
1.19088
1.19083
1.19077
1.19072
1.19067
1.19062
1.19057
1.19052
1.19047
1.19042
1.19037
1.19032
1.19027
1.19022
1.19017
1.19012
1.19007
1.19003
1.18998
1.18993
1.18988
1.18983
1.18978
1.18974
1.18969
1.18964
1.18959
1.18955
1.1895
1.18945
1.18941
1.18936
1.18931
1.18927
1.18922
1.18917
1.18913
1.18908
1.18904
1.18899
1.18895
1.1889
1.18886
1.18882
1.18877
1.18873
1.18869
1.18864
1.1886
1.18856
1.18852
1.18847
1.18843
1.18839
1.18835
1.18831
1.18827
1.18823
1.18819
1.18815
1.18811
1.18807
1.18803
1.18799
1.18796
1.18792
1.18788
1.18784
1.18781
1.18777
1.18774
1.1877
1.18766
1.18763
1.18759
1.18756
1.18753
1.18749
1.18746
1.18743
1.1874
1.18736
1.18733
1.1873
1.18727
1.18724
1.18721
1.18718
1.18715
1.18712
1.1871
1.18707
1.18704
1.18701
1.18699
1.18696
1.18694
1.18691
1.18689
1.18686
1.18684
1.18681
1.18679
1.18677
1.18675
1.18672
1.1867
1.18668
1.18666
1.18664
1.18662
1.1866
1.18658
1.18656
1.18655
1.18653
1.18651
1.18649
1.18648
1.18646
1.18644
1.18643
1.18641
1.1864
1.18638
1.18637
1.18635
1.18634
1.18633
1.18631
1.1863
1.18629
1.18627
1.18626
1.18625
1.18624
1.18622
1.18621
1.1862
1.18619
1.18617
1.18616
1.18615
1.18614
1.18612
1.18611
1.1861
1.18609
1.18607
1.18606
1.18605
1.18603
1.18602
1.186
1.18599
1.18597
1.18596
1.18594
1.18592
1.18591
1.18589
1.18587
1.18585
1.18583
1.18581
1.18579
1.18577
1.18574
1.18572
1.18569
1.18567
1.18564
1.18561
1.18558
1.18555
1.18552
1.18548
1.18545
1.18541
1.18537
1.18533
1.18529
1.18525
1.1852
1.18516
1.18511
1.18506
1.18501
1.18495
1.1849
1.18484
1.18478
1.18471
1.18465
1.18458
1.18451
1.18444
1.18436
1.18429
1.1842
1.18412
1.18404
1.18395
1.18386
1.18376
1.18366
1.18356
1.18346
1.18335
1.18324
1.18313
1.18301
1.18289
1.18277
1.18264
1.18251
1.18237
1.18224
1.1821
1.18195
1.1818
1.18165
1.18149
1.18133
1.18117
1.181
1.18083
1.18066
1.18048
1.1803
1.18012
1.17993
1.17974
1.17954
1.17934
1.17914
1.17893
1.17872
1.17851
1.1783
1.17808
1.17786
1.17763
1.1774
1.17717
1.17694
1.17671
1.17647
1.17623
1.17599
1.17574
1.1755
1.17525
1.175
1.17475
1.1745
1.17425
1.174
1.17375
1.1735
1.17325
1.17299
1.17274
1.17249
1.17224
1.172
1.17175
1.1715
1.17126
1.17102
1.17078
1.17055
1.17032
1.17009
1.16986
1.16964
1.16942
1.16921
1.169
1.1688
1.1686
1.1684
1.16821
1.16803
1.16785
1.16768
1.16752
1.16736
1.16721
1.16706
1.16692
1.16679
1.16667
1.16655
1.16644
1.16633
1.16624
1.16615
1.16607
1.16599
1.16593
1.16587
1.16582
1.16577
1.16574
1.16571
1.16568
1.16567
1.16566
1.16566
1.16566
1.16567
1.16569
1.16572
1.16575
1.16579
1.16583
1.16588
1.16593
1.16599
1.16605
1.16612
1.1662
1.16628
1.16636
1.16645
1.16654
1.16664
1.16674
1.16684
1.16694
1.16705
1.16717
1.16728
1.1674
1.16752
1.16764
1.16777
1.16789
1.16802
1.16815
1.16829
1.16842
1.16855
1.16869
1.16883
1.16897
1.16911
1.16925
1.16939
1.16954
1.16968
1.16983
1.16998
1.17012
1.17027
1.17042
1.17057
1.17072
1.17088
1.17103
1.17118
1.17134
1.1715
1.17166
1.17181
1.17198
1.17214
1.1723
1.17246
1.17263
1.1728
1.17297
1.17314
1.17331
1.17348
1.17366
1.17384
1.17402
1.1742
1.17438
1.17457
1.17475
1.17494
1.17513
1.17533
1.17552
1.17572
1.17592
1.17613
1.17633
1.17654
1.17675
1.17696
1.17717
1.17739
1.17761
1.17783
1.17805
1.17828
1.1785
1.17873
1.17897
1.1792
1.17943
1.17967
1.17991
1.18015
1.18039
1.18064
1.18088
1.18113
1.18138
1.18162
1.18188
1.18213
1.18238
1.18263
1.18289
1.18314
1.1834
1.18365
1.18391
1.18416
1.18442
1.18468
1.18493
1.18519
1.18545
1.1857
1.18596
1.18621
1.18647
1.18672
1.18697
1.18722
1.18747
1.18772
1.18797
1.18822
1.18846
1.18871
1.18895
1.18919
1.18943
1.18967
1.18991
1.19014
1.19037
1.1906
1.19083
1.19106
1.19128
1.1915
1.19172
1.19194
1.19216
1.19237
1.19258
1.19279
1.19299
1.1932
1.1934
1.19359
1.19379
1.19398
1.19417
1.19436
1.19455
1.19473
1.19491
1.19509
1.19526
1.19544
1.19561
1.19577
1.19594
1.1961
1.19626
1.19642
1.19658
1.19673
1.19688
1.19703
1.19717
1.19731
1.19745
1.19759
1.19773
1.19786
1.19799
1.19812
1.19825
1.19837
1.19849
1.19861
1.19873
1.19884
1.19896
1.19907
1.19918
1.19928
1.19939
1.19949
1.19959
1.19969
1.19979
1.19988
1.19998
1.20007
1.20016
1.20025
1.20033
1.20042
1.2005
1.20058
1.20066
1.20074
1.20081
1.20089
1.20096
1.20103
1.2011
1.20117
1.20123
1.2013
1.20136
1.20142
1.20148
1.20154
1.2016
1.20166
1.20171
1.20177
1.20182
1.20187
1.20192
1.20197
1.20201
1.20206
1.2021
1.20215
1.20219
1.20223
1.20227
1.20231
1.20234
1.20238
1.20241
1.20245
1.20248
1.20251
1.20254
1.20257
1.20259
1.20262
1.20264
1.20267
1.20269
1.20271
1.20273
1.20274
1.20276
1.20278
1.20279
1.2028
1.20281
1.20282
1.20283
1.20284
1.20284
1.20285
1.20285
1.20285
1.20285
1.20285
1.20285
1.20284
1.20284
1.20283
1.20282
1.20281
1.20279
1.20278
1.20276
1.20274
1.20272
1.2027
1.20268
1.20265
1.20262
1.20259
1.20256
1.20253
1.20249
1.20246
1.20242
1.20237
1.20233
1.20228
1.20224
1.20218
1.20213
1.20208
1.20202
1.20196
1.20189
1.20183
1.20176
1.20169
1.20162
1.20154
1.20146
1.20138
1.2013
1.20121
1.20112
1.20103
1.20093
1.20083
1.20073
1.20063
1.20052
1.20041
1.20029
1.20018
1.20006
1.19993
1.19981
1.19968
1.19955
1.19941
1.19927
1.19913
1.19898
1.19884
1.19868
1.19853
1.19837
1.19821
1.19805
1.19788
1.19771
1.19753
1.19736
1.19718
1.19699
1.19681
1.19662
1.19643
1.19623
1.19603
1.19583
1.19563
1.19542
1.19522
1.195
1.19479
1.19457
1.19436
1.19414
1.19391
1.19369
1.19346
1.19323
1.193
1.19277
1.19254
1.1923
1.19206
1.19183
1.19159
1.19135
1.19111
1.19086
1.19062
1.19038
1.19014
1.18989
1.18965
1.18941
1.18916
1.18892
1.18868
1.18844
1.1882
1.18795
1.18772
1.18748
1.18724
1.18701
1.18677
1.18654
1.18631
1.18608
1.18586
1.18563
1.18541
1.18519
1.18498
1.18476
1.18455
1.18434
1.18414
1.18394
1.18374
1.18354
1.18335
1.18316
1.18298
1.18279
1.18262
1.18244
1.18227
1.18211
1.18195
1.18179
1.18163
1.18148
1.18134
1.1812
1.18106
1.18093
1.1808
1.18068
1.18056
1.18044
1.18033
1.18022
1.18012
1.18002
1.17993
1.17984
1.17976
1.17968
1.1796
1.17953
1.17946
1.1794
1.17934
1.17929
1.17924
1.17919
1.17915
1.17911
1.17908
1.17905
1.17903
1.179
1.17899
1.17897
1.17896
1.17896
1.17895
1.17895
1.17896
1.17896
1.17897
1.17899
1.17901
1.17903
1.17905
1.17907
1.1791
1.17913
1.17917
1.1792
1.17924
1.17928
1.17932
1.17937
1.17942
1.17946
1.17951
1.17957
1.17962
1.17967
1.17973
1.17979
1.17984
1.1799
1.17996
1.18002
1.18008
1.18014
1.1802
1.18026
1.18032
1.18039
1.18045
1.18051
1.18057
1.18063
1.18068
1.18074
1.1808
1.18086
1.18091
1.18096
1.18102
1.18107
1.18112
1.18117
1.18121
1.18126
1.1813
1.18134
1.18138
1.18142
1.18145
1.18149
1.18152
1.18154
1.18157
1.18159
1.18161
1.18163
1.18165
1.18166
1.18167
1.18168
1.18169
1.18169
1.18169
1.18169
1.18169
1.18168
1.18167
1.18165
1.18164
1.18162
1.1816
1.18158
1.18155
1.18152
1.18149
1.18145
1.18142
1.18138
1.18134
1.18129
1.18125
1.1812
1.18115
1.18109
1.18104
1.18098
1.18092
1.18086
1.1808
1.18073
1.18067
1.1806
1.18053
1.18046
1.18038
1.18031
1.18023
1.18016
1.18008
1.18
1.17992
1.17984
1.17976
1.17968
1.1796
1.17952
1.17944
1.17936
1.17928
1.1792
1.17912
1.17903
1.17896
1.17888
1.1788
1.17872
1.17865
1.17857
1.1785
1.17843
1.17836
1.17829
1.17822
1.17816
1.1781
1.17804
1.17798
1.17792
1.17787
1.17782
1.17778
1.17774
1.1777
1.17766
1.17763
1.1776
1.17757
1.17755
1.17753
1.17752
1.17751
1.17751
1.17751
1.17751
1.17752
1.17753
1.17755
1.17757
1.1776
1.17764
1.17767
1.17772
1.17777
1.17782
1.17788
1.17795
1.17802
1.17809
1.17817
1.17826
1.17835
1.17845
1.17855
1.17866
1.17878
1.1789
1.17903
1.17916
1.17929
1.17944
1.17958
1.17974
1.1799
1.18006
1.18023
1.1804
1.18058
1.18076
1.18095
1.18115
1.18134
1.18155
1.18175
1.18197
1.18218
1.1824
1.18262
1.18285
1.18308
1.18332
1.18355
1.18379
1.18404
1.18428
1.18453
1.18478
1.18504
1.18529
1.18555
1.18581
1.18608
1.18634
1.1866
1.18687
1.18714
1.18741
1.18768
1.18795
1.18822
1.18849
1.18876
1.18903
1.1893
1.18957
1.18984
1.19011
1.19037
1.19064
1.19091
1.19117
1.19144
1.1917
1.19196
1.19222
1.19247
1.19273
1.19298
1.19323
1.19348
1.19372
1.19397
1.19421
1.19444
1.19468
1.19491
1.19514
1.19537
1.19559
1.19581
1.19602
1.19624
1.19645
1.19665
1.19685
1.19705
1.19725
1.19744
1.19763
1.19781
1.19799
1.19816
1.19834
1.1985
1.19867
1.19883
1.19898
1.19913
1.19928
1.19942
1.19956
1.1997
1.19983
1.19995
1.20008
1.20019
1.20031
1.20042
1.20052
1.20062
1.20072
1.20081
1.2009
1.20098
1.20106
1.20113
1.2012
1.20127
1.20133
1.20139
1.20144
1.20149
1.20153
1.20157
1.20161
1.20164
1.20166
1.20168
1.2017
1.20172
1.20172
1.20173
1.20173
1.20172
1.20172
1.2017
1.20169
1.20167
1.20164
1.20161
1.20158
1.20154
1.20149
1.20145
1.2014
1.20134
1.20128
1.20122
1.20115
1.20108
1.201
1.20092
1.20084
1.20075
1.20065
1.20056
1.20046
1.20035
1.20024
1.20013
1.20001
1.19989
1.19977
1.19964
1.1995
1.19937
1.19922
1.19908
1.19893
1.19878
1.19862
1.19846
1.1983
1.19813
1.19796
1.19779
1.19761
1.19743
1.19724
1.19705
1.19686
1.19667
1.19647
1.19627
1.19606
1.19586
1.19565
1.19543
1.19522
1.195
1.19478
1.19455
1.19433
1.1941
1.19387
1.19364
1.1934
1.19316
1.19293
1.19269
1.19244
1.1922
1.19195
1.19171
1.19146
1.19121
1.19096
1.19072
1.19047
1.19022
1.18996
1.18971
1.18946
1.18921
1.18896
1.18872
1.18847
1.18822
1.18797
1.18773
1.18749
1.18725
1.18701
1.18677
1.18653
1.1863
1.18607
1.18585
1.18562
1.1854
1.18518
1.18497
1.18476
1.18455
1.18435
1.18415
1.18396
1.18377
1.18359
1.18341
1.18323
1.18306
1.1829
1.18274
1.18259
1.18244
1.1823
1.18216
1.18203
1.18191
1.18179
1.18168
1.18157
1.18147
1.18138
1.18129
1.18121
1.18114
1.18107
1.18101
1.18096
1.18091
1.18086
1.18083
1.1808
1.18077
1.18076
1.18074
1.18074
1.18074
1.18074
1.18076
1.18077
1.18079
1.18082
1.18085
1.18089
1.18093
1.18098
1.18103
1.18109
1.18115
1.18122
1.18129
1.18136
1.18144
1.18152
1.1816
1.18169
1.18178
1.18188
1.18197
1.18207
1.18217
1.18228
1.18239
1.1825
1.18261
1.18272
1.18284
1.18295
1.18307
1.18319
1.18331
1.18344
1.18356
1.18369
1.18381
1.18394
1.18407
1.1842
1.18432
1.18445
1.18458
1.18471
1.18484
1.18497
1.1851
1.18523
1.18536
1.18549
1.18562
1.18575
1.18588
1.18601
1.18614
1.18626
1.18639
1.18652
1.18664
1.18677
1.18689
1.18701
1.18714
1.18726
1.18737
1.18749
1.18761
1.18773
1.18784
1.18795
1.18806
1.18817
1.18828
1.18838
1.18849
1.18859
1.18869
1.18879
1.18888
1.18897
1.18906
1.18915
1.18924
1.18932
1.1894
1.18947
1.18954
1.18961
1.18968
1.18974
1.1898
1.18986
1.18991
1.18995
1.19
1.19004
1.19007
1.1901
1.19012
1.19015
1.19016
1.19017
1.19018
1.19018
1.19017
1.19016
1.19015
1.19013
1.1901
1.19007
1.19003
1.18998
1.18993
1.18988
1.18982
1.18975
1.18967
1.1896
1.18951
1.18942
1.18932
1.18922
1.18911
1.189
1.18888
1.18875
1.18862
1.18849
1.18835
1.1882
1.18805
1.1879
1.18774
1.18758
1.18742
1.18725
1.18708
1.18691
1.18674
1.18657
1.18639
1.18622
1.18604
1.18587
1.18569
1.18552
1.18535
1.18519
1.18503
1.18487
1.18471
1.18456
1.18442
1.18429
1.18416
1.18403
1.18392
1.18382
1.18372
1.18364
1.18356
1.1835
1.18345
1.18341
1.18338
1.18337
1.18337
1.18339
1.18341
1.18346
1.18352
1.18359
1.18368
1.18378
1.1839
1.18404
1.18419
1.18436
1.18454
1.18474
1.18496
1.18519
1.18543
1.18569
1.18597
1.18626
1.18656
1.18688
1.18721
1.18755
1.18791
1.18827
1.18865
1.18904
1.18944
1.18985
1.19027
1.19069
1.19112
1.19156
1.19201
1.19246
1.19292
1.19338
1.19385
1.19432
1.19479
1.19527
1.19574
1.19622
1.1967
1.19718
1.19765
1.19813
1.1986
1.19908
1.19955
1.20002
1.20048
1.20094
1.2014
1.20185
1.2023
1.20274
1.20318
1.20362
1.20404
1.20447
1.20488
1.20529
1.2057
1.20609
1.20649
1.20687
1.20725
1.20762
1.20798
1.20834
1.20869
1.20904
1.20937
1.2097
1.21003
1.21034
1.21065
1.21095
1.21125
1.21154
1.21182
1.2121
1.21237
1.21263
1.21289
1.21314
1.21338
1.21362
1.21385
1.21408
1.2143
1.21452
1.21473
1.21493
1.21513
1.21532
1.21551
1.21569
1.21587
1.21604
1.21621
1.21637
1.21653
1.21669
1.21684
1.21698
1.21712
1.21726
1.21739
1.21752
1.21764
1.21777
1.21788
1.218
1.21811
1.21821
1.21832
1.21841
1.21851
1.2186
1.21869
1.21878
1.21886
1.21894
1.21902
1.21909
1.21917
1.21923
1.2193
1.21936
1.21942
1.21948
1.21953
1.21959
1.21964
1.21968
1.21973
1.21977
1.21981
1.21984
1.21988
1.21991
1.21994
1.21996
1.21999
1.22001
1.22003
1.22004
1.22006
1.22007
1.22008
1.22008
1.22009
1.22009
1.22009
1.22008
1.22007
1.22006
1.22005
1.22004
1.22002
1.22
1.21998
1.21995
1.21992
1.21989
1.21986
1.21982
1.21978
1.21973
1.21969
1.21964
1.21958
1.21953
1.21947
1.2194
1.21934
1.21927
1.2192
1.21912
1.21904
1.21895
1.21887
1.21878
1.21868
1.21858
1.21848
1.21837
1.21826
1.21815
1.21803
1.2179
1.21778
1.21765
1.21751
1.21737
1.21723
1.21708
1.21692
1.21677
1.2166
1.21644
1.21627
1.21609
1.21591
1.21573
1.21554
1.21534
1.21514
1.21494
1.21473
1.21452
1.2143
1.21408
1.21385
1.21362
1.21339
1.21315
1.2129
1.21265
1.2124
1.21214
1.21188
1.21161
1.21135
1.21107
1.21079
1.21051
1.21023
1.20994
1.20965
1.20935
1.20906
1.20875
1.20845
1.20814
1.20784
1.20753
1.20721
1.2069
1.20658
1.20626
1.20594
1.20562
1.2053
1.20498
1.20466
1.20434
1.20402
1.20369
1.20337
1.20305
1.20273
1.20242
1.2021
1.20179
1.20147
1.20116
1.20085
1.20055
1.20025
1.19995
1.19965
1.19936
1.19907
1.19878
1.1985
1.19823
1.19796
1.19769
1.19743
1.19717
1.19692
1.19667
1.19643
1.19619
1.19596
1.19573
1.19551
1.1953
1.19509
1.19489
1.1947
1.19451
1.19432
1.19414
1.19397
1.19381
1.19365
1.19349
1.19334
1.1932
1.19306
1.19293
1.19281
1.19269
1.19258
1.19247
1.19237
1.19227
1.19218
1.19209
1.19201
1.19194
1.19187
1.1918
1.19174
1.19168
1.19163
1.19158
1.19154
1.1915
1.19147
1.19144
1.19142
1.19139
1.19138
1.19137
1.19136
1.19135
1.19135
1.19135
1.19136
1.19137
1.19139
1.1914
1.19142
1.19145
1.19148
1.19151
1.19155
1.19158
1.19163
1.19167
1.19172
1.19177
1.19183
1.19189
1.19195
1.19202
1.19209
1.19216
1.19224
1.19232
1.1924
1.19249
1.19258
1.19267
1.19277
1.19287
1.19297
1.19308
1.19319
1.19331
1.19342
1.19354
1.19367
1.1938
1.19393
1.19406
1.1942
1.19434
1.19449
1.19463
1.19479
1.19494
1.1951
1.19526
1.19543
1.1956
1.19577
1.19594
1.19612
1.19631
1.19649
1.19668
1.19688
1.19708
1.19728
1.19748
1.19769
1.1979
1.19812
1.19834
1.19856
1.19879
1.19902
1.19925
1.19949
1.19973
1.19998
1.20023
1.20048
1.20074
1.201
1.20126
1.20153
1.2018
1.20208
1.20236
1.20264
1.20293
1.20322
1.20351
1.20381
1.20411
1.20442
1.20473
1.20504
1.20535
1.20567
1.20599
1.20632
1.20665
1.20698
1.20731
1.20765
1.20798
1.20832
1.20017
1.20052
1.20086
1.20121
1.20156
1.20191
1.20226
1.20262
1.20297
1.20333
1.20368
1.20404
1.20439
1.20474
1.2051
1.20545
1.20581
1.20616
1.20651
1.20686
1.20721
1.20755
1.2079
1.20824
1.20858
1.20892
1.20926
1.20959
1.20992
1.21025
1.21057
1.2109
1.21121
1.21153
1.21184
1.21215
1.21246
1.21276
1.21306
1.21336
1.21365
1.21394
1.21422
1.2145
1.21478
1.21505
1.21532
1.21559
1.21585
1.21611
1.21637
1.21662
1.21687
1.21712
1.21736
1.2176
1.21784
1.21807
1.2183
1.21852
1.21875
1.21897
1.21919
1.2194
1.21961
1.21982
1.22003
1.22024
1.22044
1.22064
1.22083
1.22103
1.22122
1.22141
1.2216
1.22179
1.22197
1.22216
1.22234
1.22252
1.22269
1.22287
1.22304
1.22321
1.22338
1.22355
1.22372
1.22389
1.22405
1.22421
1.22437
1.22453
1.22469
1.22485
1.225
1.22515
1.2253
1.22545
1.2256
1.22575
1.22589
1.22604
1.22618
1.22632
1.22645
1.22659
1.22673
1.22686
1.22699
1.22712
1.22724
1.22737
1.22749
1.22761
1.22773
1.22785
1.22796
1.22807
1.22818
1.22829
1.22839
1.2285
1.2286
1.22869
1.22879
1.22888
1.22897
1.22905
1.22914
1.22922
1.22929
1.22937
1.22944
1.22951
1.22957
1.22963
1.22969
1.22974
1.22979
1.22984
1.22988
1.22992
1.22995
1.22998
1.23
1.23002
1.23004
1.23005
1.23006
1.23006
1.23006
1.23006
1.23004
1.23003
1.23
1.22998
1.22994
1.22991
1.22986
1.22981
1.22976
1.2297
1.22963
1.22956
1.22948
1.2294
1.22931
1.22921
1.22911
1.229
1.22888
1.22876
1.22863
1.2285
1.22835
1.22821
1.22805
1.22789
1.22772
1.22754
1.22736
1.22717
1.22698
1.22677
1.22656
1.22635
1.22612
1.22589
1.22566
1.22541
1.22516
1.22491
1.22464
1.22437
1.2241
1.22382
1.22353
1.22324
1.22294
1.22263
1.22232
1.222
1.22168
1.22135
1.22102
1.22069
1.22035
1.22
1.21965
1.2193
1.21894
1.21858
1.21821
1.21785
1.21748
1.21711
1.21673
1.21636
1.21598
1.2156
1.21522
1.21484
1.21445
1.21407
1.21369
1.21331
1.21293
1.21255
1.21217
1.2118
1.21142
1.21105
1.21068
1.21032
1.20996
1.2096
1.20925
1.2089
1.20855
1.20821
1.20788
1.20755
1.20723
1.20691
1.2066
1.20629
1.206
1.20571
1.20543
1.20515
1.20489
1.20463
1.20438
1.20414
1.20391
1.20368
1.20347
1.20326
1.20307
1.20288
1.2027
1.20254
1.20238
1.20223
1.20209
1.20197
1.20185
1.20174
1.20164
1.20155
1.20147
1.2014
1.20134
1.20129
1.20125
1.20122
1.2012
1.20119
1.20119
1.20119
1.20121
1.20123
1.20126
1.2013
1.20135
1.20141
1.20147
1.20155
1.20163
1.20171
1.20181
1.20191
1.20202
1.20213
1.20225
1.20238
1.20251
1.20265
1.2028
1.20295
1.2031
1.20326
1.20342
1.20359
1.20376
1.20394
1.20412
1.2043
1.20449
1.20468
1.20487
1.20507
1.20527
1.20547
1.20567
1.20588
1.20609
1.2063
1.20651
1.20672
1.20694
1.20715
1.20737
1.20759
1.20781
1.20803
1.20825
1.20847
1.20869
1.20891
1.20913
1.20936
1.20958
1.2098
1.21003
1.21025
1.21047
1.2107
1.21092
1.21114
1.21136
1.21159
1.21181
1.21203
1.21225
1.21247
1.21269
1.21291
1.21312
1.21334
1.21356
1.21377
1.21399
1.2142
1.21441
1.21462
1.21483
1.21504
1.21525
1.21546
1.21566
1.21587
1.21607
1.21627
1.21647
1.21667
1.21686
1.21706
1.21725
1.21744
1.21763
1.21781
1.218
1.21818
1.21836
1.21854
1.21871
1.21888
1.21905
1.21922
1.21939
1.21955
1.21971
1.21987
1.22002
1.22017
1.22032
1.22047
1.22061
1.22075
1.22089
1.22103
1.22116
1.22129
1.22141
1.22154
1.22166
1.22177
1.22189
1.222
1.22211
1.22222
1.22232
1.22242
1.22252
1.22262
1.22271
1.2228
1.22289
1.22298
1.22307
1.22315
1.22323
1.22331
1.22339
1.22347
1.22355
1.22363
1.2237
1.22378
1.22385
1.22393
1.224
1.22407
1.22415
1.22422
1.2243
1.22437
1.22445
1.22453
1.22461
1.22469
1.22477
1.22485
1.22493
1.22502
1.22511
1.2252
1.22529
1.22538
1.22548
1.22558
1.22568
1.22578
1.22589
1.226
1.22611
1.22622
1.22633
1.22645
1.22657
1.22669
1.22682
1.22694
1.22707
1.2272
1.22733
1.22746
1.22759
1.22772
1.22786
1.22799
1.22813
1.22826
1.22839
1.22853
1.22866
1.22879
1.22892
1.22905
1.22918
1.2293
1.22942
1.22954
1.22965
1.22976
1.22987
1.22997
1.23007
1.23016
1.23025
1.23033
1.2304
1.23047
1.23053
1.23058
1.23063
1.23067
1.2307
1.23072
1.23073
1.23073
1.23072
1.2307
1.23068
1.23064
1.23059
1.23053
1.23046
1.23038
1.23028
1.23018
1.23006
1.22993
1.22979
1.22963
1.22946
1.22928
1.22909
1.22889
1.22867
1.22844
1.22819
1.22794
1.22767
1.22738
1.22709
1.22678
1.22646
1.22613
1.22579
1.22543
1.22506
1.22469
1.2243
1.2239
1.22349
1.22307
1.22264
1.2222
1.22175
1.22129
1.22083
1.22036
1.21988
1.21939
1.2189
1.21841
1.21791
1.2174
1.21689
1.21638
1.21587
1.21535
1.21484
1.21432
1.2138
1.21329
1.21277
1.21226
1.21175
1.21124
1.21073
1.21023
1.20974
1.20925
1.20876
1.20828
1.20781
1.20735
1.20689
1.20644
1.20599
1.20556
1.20513
1.20471
1.20431
1.20391
1.20352
1.20314
1.20276
1.2024
1.20205
1.20171
1.20137
1.20105
1.20073
1.20043
1.20013
1.19984
1.19956
1.19929
1.19903
1.19878
1.19854
1.1983
1.19808
1.19786
1.19765
1.19744
1.19725
1.19706
1.19688
1.19671
1.19654
1.19639
1.19623
1.19609
1.19596
1.19583
1.19571
1.1956
1.19549
1.1954
1.19531
1.19523
1.19516
1.1951
1.19504
1.195
1.19496
1.19494
1.19492
1.19491
1.19492
1.19494
1.19496
1.195
1.19505
1.19511
1.19519
1.19527
1.19537
1.19548
1.19561
1.19575
1.1959
1.19607
1.19625
1.19644
1.19665
1.19688
1.19712
1.19737
1.19764
1.19792
1.19822
1.19853
1.19886
1.1992
1.19956
1.19993
1.20032
1.20072
1.20113
1.20156
1.202
1.20246
1.20292
1.2034
1.2039
1.2044
1.20492
1.20544
1.20598
1.20653
1.20708
1.20765
1.20822
1.20881
1.2094
1.20999
1.2106
1.21121
1.21182
1.21244
1.21307
1.2137
1.21433
1.21496
1.2156
1.21624
1.21687
1.21751
1.21815
1.21879
1.21942
1.22006
1.22069
1.22132
1.22194
1.22257
1.22318
1.2238
1.2244
1.225
1.2256
1.22619
1.22677
1.22735
1.22791
1.22847
1.22903
1.22957
1.2301
1.23063
1.23115
1.23165
1.23215
1.23264
1.23312
1.23359
1.23404
1.23449
1.23493
1.23535
1.23577
1.23618
1.23657
1.23695
1.23733
1.23769
1.23804
1.23838
1.23871
1.23902
1.23933
1.23963
1.23991
1.24019
1.24045
1.2407
1.24095
1.24118
1.2414
1.24161
1.24181
1.242
1.24218
1.24235
1.24251
1.24266
1.2428
1.24294
1.24306
1.24317
1.24327
1.24336
1.24345
1.24352
1.24359
1.24365
1.2437
1.24373
1.24377
1.24379
1.2438
1.24381
1.24381
1.24379
1.24378
1.24375
1.24371
1.24367
1.24362
1.24356
1.2435
1.24343
1.24335
1.24326
1.24316
1.24306
1.24295
1.24283
1.24271
1.24258
1.24244
1.2423
1.24215
1.24199
1.24183
1.24165
1.24148
1.24129
1.2411
1.2409
1.2407
1.24049
1.24027
1.24005
1.23982
1.23959
1.23934
1.2391
1.23884
1.23858
1.23832
1.23805
1.23777
1.23749
1.2372
1.2369
1.2366
1.2363
1.23598
1.23567
1.23535
1.23502
1.23469
1.23435
1.234
1.23366
1.2333
1.23295
1.23259
1.23222
1.23185
1.23147
1.23109
1.23071
1.23032
1.22993
1.22954
1.22914
1.22874
1.22834
1.22793
1.22752
1.22711
1.22669
1.22628
1.22586
1.22544
1.22502
1.2246
1.22417
1.22375
1.22332
1.2229
1.22248
1.22205
1.22163
1.2212
1.22078
1.22036
1.21994
1.21952
1.21911
1.2187
1.21829
1.21788
1.21748
1.21708
1.21668
1.21629
1.21591
1.21552
1.21515
1.21478
1.21441
1.21406
1.21371
1.21336
1.21303
1.2127
1.21238
1.21206
1.21176
1.21147
1.21118
1.21091
1.21064
1.21039
1.21015
1.20991
1.20969
1.20948
1.20929
1.2091
1.20893
1.20877
1.20862
1.20849
1.20837
1.20826
1.20817
1.20809
1.20803
1.20798
1.20794
1.20792
1.20791
1.20791
1.20793
1.20797
1.20801
1.20807
1.20814
1.20823
1.20833
1.20844
1.20856
1.20869
1.20883
1.20899
1.20915
1.20932
1.20951
1.20969
1.20989
1.21009
1.2103
1.21052
1.21073
1.21096
1.21118
1.21141
1.21164
1.21187
1.2121
1.21232
1.21255
1.21278
1.213
1.21321
1.21343
1.21363
1.21383
1.21403
1.21421
1.21439
1.21456
1.21473
1.21488
1.21502
1.21515
1.21527
1.21538
1.21547
1.21556
1.21563
1.21569
1.21574
1.21577
1.21579
1.2158
1.21579
1.21577
1.21574
1.21569
1.21563
1.21556
1.21547
1.21537
1.21526
1.21513
1.215
1.21485
1.21468
1.21451
1.21432
1.21413
1.21392
1.2137
1.21348
1.21324
1.21299
1.21274
1.21247
1.2122
1.21192
1.21163
1.21134
1.21104
1.21073
1.21042
1.21011
1.20978
1.20946
1.20913
1.2088
1.20846
1.20813
1.20779
1.20744
1.2071
1.20676
1.20641
1.20607
1.20573
1.20538
1.20504
1.2047
1.20436
1.20402
1.20369
1.20336
1.20303
1.20271
1.20238
1.20207
1.20176
1.20145
1.20114
1.20085
1.20055
1.20027
1.19999
1.19971
1.19945
1.19919
1.19894
1.19869
1.19845
1.19822
1.198
1.19779
1.19758
1.19739
1.1972
1.19702
1.19685
1.1967
1.19655
1.19641
1.19628
1.19616
1.19605
1.19595
1.19587
1.19579
1.19572
1.19566
1.19562
1.19558
1.19556
1.19554
1.19554
1.19555
1.19556
1.19559
1.19563
1.19567
1.19573
1.1958
1.19587
1.19596
1.19605
1.19615
1.19626
1.19638
1.19651
1.19664
1.19678
1.19693
1.19708
1.19724
1.1974
1.19757
1.19775
1.19793
1.19811
1.19829
1.19848
1.19867
1.19886
1.19906
1.19925
1.19945
1.19964
1.19983
1.20003
1.20022
1.20041
1.20059
1.20078
1.20096
1.20113
1.2013
1.20147
1.20163
1.20178
1.20193
1.20207
1.2022
1.20233
1.20245
1.20255
1.20266
1.20275
1.20283
1.2029
1.20296
1.20301
1.20305
1.20308
1.2031
1.20311
1.20311
1.20309
1.20306
1.20302
1.20297
1.20291
1.20283
1.20275
1.20265
1.20254
1.20241
1.20228
1.20213
1.20198
1.20181
1.20163
1.20144
1.20124
1.20103
1.20081
1.20058
1.20034
1.20009
1.19983
1.19957
1.1993
1.19902
1.19874
1.19845
1.19815
1.19785
1.19755
1.19725
1.19694
1.19663
1.19632
1.196
1.19569
1.19538
1.19507
1.19477
1.19447
1.19417
1.19387
1.19358
1.1933
1.19302
1.19276
1.1925
1.19224
1.192
1.19177
1.19155
1.19134
1.19114
1.19095
1.19078
1.19062
1.19047
1.19034
1.19022
1.19012
1.19003
1.18995
1.18989
1.18985
1.18982
1.18981
1.18981
1.18982
1.18985
1.1899
1.18996
1.19004
1.19013
1.19023
1.19035
1.19048
1.19062
1.19078
1.19095
1.19113
1.19132
1.19152
1.19173
1.19195
1.19218
1.19242
1.19267
1.19293
1.19319
1.19346
1.19373
1.19401
1.19429
1.19458
1.19488
1.19517
1.19547
1.19578
1.19608
1.19639
1.1967
1.19701
1.19732
1.19763
1.19794
1.19825
1.19856
1.19887
1.19918
1.19949
1.19979
1.2001
1.2004
1.2007
1.20101
1.2013
1.2016
1.2019
1.20219
1.20248
1.20277
1.20306
1.20334
1.20363
1.20391
1.20419
1.20447
1.20474
1.20502
1.20529
1.20557
1.20584
1.20611
1.20638
1.20664
1.20691
1.20718
1.20744
1.2077
1.20797
1.20823
1.20849
1.20875
1.20902
1.20928
1.20954
1.2098
1.21006
1.21032
1.21058
1.21084
1.21111
1.21137
1.21163
1.21189
1.21215
1.21241
1.21268
1.21294
1.2132
1.21346
1.21373
1.21399
1.21425
1.21452
1.21478
1.21504
1.2153
1.21557
1.21583
1.21609
1.21635
1.21661
1.21687
1.21713
1.21739
1.21765
1.2179
1.21816
1.21841
1.21867
1.21892
1.21917
1.21941
1.21966
1.2199
1.22015
1.22039
1.22062
1.22086
1.22109
1.22132
1.22155
1.22177
1.22199
1.22221
1.22243
1.22264
1.22285
1.22305
1.22325
1.22345
1.22364
1.22383
1.22401
1.22419
1.22436
1.22453
1.2247
1.22486
1.22502
1.22517
1.22531
1.22545
1.22559
1.22572
1.22585
1.22597
1.22608
1.22619
1.22629
1.22639
1.22648
1.22657
1.22665
1.22672
1.22679
1.22685
1.22691
1.22696
1.227
1.22704
1.22707
1.2271
1.22712
1.22713
1.22714
1.22714
1.22713
1.22712
1.22711
1.22708
1.22705
1.22702
1.22698
1.22693
1.22688
1.22682
1.22675
1.22668
1.2266
1.22652
1.22643
1.22633
1.22623
1.22613
1.22602
1.2259
1.22578
1.22565
1.22551
1.22537
1.22523
1.22508
1.22493
1.22477
1.2246
1.22443
1.22426
1.22408
1.22389
1.22371
1.22351
1.22332
1.22311
1.22291
1.2227
1.22248
1.22227
1.22205
1.22182
1.22159
1.22136
1.22113
1.22089
1.22065
1.2204
1.22016
1.21991
1.21966
1.2194
1.21915
1.21889
1.21863
1.21837
1.21811
1.21784
1.21758
1.21731
1.21704
1.21678
1.21651
1.21624
1.21597
1.21571
1.21544
1.21517
1.2149
1.21464
1.21437
1.21411
1.21385
1.21359
1.21333
1.21307
1.21282
1.21257
1.21232
1.21207
1.21183
1.21159
1.21136
1.21112
1.21089
1.21067
1.21045
1.21023
1.21002
1.20981
1.20961
1.20942
1.20922
1.20904
1.20886
1.20868
1.20851
1.20835
1.20819
1.20804
1.2079
1.20776
1.20763
1.2075
1.20738
1.20727
1.20716
1.20707
1.20697
1.20689
1.20681
1.20674
1.20668
1.20662
1.20657
1.20652
1.20649
1.20646
1.20643
1.20642
1.20641
1.20641
1.20641
1.20642
1.20643
1.20645
1.20648
1.20652
1.20656
1.2066
1.20665
1.20671
1.20677
1.20683
1.2069
1.20698
1.20706
1.20714
1.20723
1.20732
1.20742
1.20752
1.20762
1.20773
1.20784
1.20795
1.20806
1.20818
1.2083
1.20842
1.20854
1.20867
1.2088
1.20892
1.20905
1.20918
1.20931
1.20944
1.20958
1.20971
1.20984
1.20997
1.2101
1.21023
1.21037
1.2105
1.21063
1.21076
1.21088
1.21101
1.21114
1.21126
1.21138
1.21151
1.21163
1.21174
1.21186
1.21197
1.21209
1.2122
1.21231
1.21241
1.21252
1.21262
1.21272
1.21282
1.21291
1.21301
1.2131
1.21319
1.21327
1.21336
1.21344
1.21352
1.2136
1.21367
1.21374
1.21381
1.21388
1.21395
1.21401
1.21407
1.21413
1.21418
1.21424
1.21429
1.21434
1.21439
1.21443
1.21448
1.21452
1.21456
1.21459
1.21463
1.21466
1.2147
1.21473
1.21476
1.21479
1.21481
1.21484
1.21486
1.21488
1.2149
1.21492
1.21494
1.21496
1.21498
1.21499
1.21501
1.21502
1.21503
1.21504
1.21506
1.21507
1.21508
1.21509
1.21509
1.2151
1.21511
1.21512
1.21512
1.21513
1.21514
1.21514
1.21515
1.21515
1.21516
1.21517
1.21517
1.21518
1.21518
1.21519
1.21519
1.2152
1.2152
1.21521
1.21521
1.21522
1.21522
1.21523
1.21523
1.21524
1.21525
1.21525
1.21526
1.21527
1.21527
1.21528
1.21529
1.2153
1.2153
1.21531
1.21532
1.21533
1.21534
1.21535
1.21536
1.21537
1.21538
1.21539
1.2154
1.21541
1.21542
1.21543
1.21544
1.21545
1.21546
1.21548
1.21549
1.2155
1.21551
1.21553
1.21554
1.21555
1.21557
1.21558
1.2156
1.21561
1.21563
1.21564
1.21565
1.21567
1.21568
1.2157
1.21572
1.21573
1.21575
1.21576
1.21578
1.21579
1.21581
1.21582
1.21584
1.21586
1.21587
1.21589
1.2159
1.21592
1.21593
1.21595
1.21596
1.21598
1.21599
1.216
1.21602
1.21603
1.21604
1.21605
1.21606
1.21607
1.21608
1.21609
1.2161
1.21611
1.21611
1.21612
1.21612
1.21612
1.21613
1.21613
1.21613
1.21612
1.21612
1.21611
1.21611
1.2161
1.21609
1.21608
1.21606
1.21605
1.21603
1.21601
1.21598
1.21596
1.21593
1.2159
1.21587
1.21583
1.21579
1.21575
1.21571
1.21566
1.21561
1.21556
1.21551
1.21545
1.21538
1.21532
1.21525
1.21518
1.2151
1.21502
1.21494
1.21485
1.21476
1.21467
1.21457
1.21446
1.21436
1.21425
1.21413
1.21401
1.21389
1.21377
1.21364
1.2135
1.21336
1.21322
1.21307
1.21292
1.21277
1.21261
1.21244
1.21228
1.2121
1.21193
1.21175
1.21157
1.21138
1.21119
1.21099
1.21079
1.21059
1.21039
1.21018
1.20996
1.20975
1.20953
1.2093
1.20908
1.20885
1.20862
1.20838
1.20814
1.2079
1.20766
1.20742
1.20717
1.20692
1.20667
1.20642
1.20616
1.20591
1.20565
1.20539
1.20513
1.20488
1.20462
1.20436
1.2041
1.20384
1.20358
1.20332
1.20307
1.20281
1.20256
1.2023
1.20205
1.2018
1.20156
1.20131
1.20107
1.20084
1.2006
1.20037
1.20015
1.19992
1.1997
1.19949
1.19928
1.19908
1.19888
1.19869
1.1985
1.19832
1.19815
1.19798
1.19782
1.19766
1.19752
1.19737
1.19724
1.19711
1.197
1.19688
1.19678
1.19669
1.1966
1.19652
1.19644
1.19638
1.19632
1.19628
1.19624
1.1962
1.19618
1.19616
1.19615
1.19615
1.19616
1.19617
1.19619
1.19622
1.19626
1.1963
1.19635
1.19641
1.19647
1.19654
1.19662
1.1967
1.19679
1.19688
1.19698
1.19709
1.19719
1.19731
1.19743
1.19755
1.19768
1.19781
1.19795
1.19809
1.19823
1.19838
1.19853
1.19868
1.19884
1.199
1.19916
1.19933
1.19949
1.19966
1.19983
1.2
1.20018
1.20035
1.20053
1.20071
1.20089
1.20107
1.20125
1.20144
1.20162
1.20181
1.20199
1.20218
1.20237
1.20256
1.20275
1.20294
1.20313
1.20332
1.20351
1.2037
1.2039
1.20409
1.20428
1.20448
1.20467
1.20487
1.20506
1.20526
1.20546
1.20565
1.20585
1.20605
1.20625
1.20645
1.20665
1.20685
1.20705
1.20725
1.20745
1.20766
1.20786
1.20806
1.20827
1.20847
1.20868
1.20888
1.20909
1.2093
1.2095
1.20971
1.20992
1.21013
1.21034
1.21055
1.21076
1.21097
1.21118
1.2114
1.21161
1.21182
1.21204
1.21225
1.21246
1.21268
1.21289
1.21311
1.21333
1.21354
1.21376
1.21398
1.2142
1.21441
1.21463
1.21485
1.21507
1.21529
1.2155
1.21572
1.21594
1.21616
1.21638
1.2166
1.21682
1.21703
1.21725
1.21747
1.21769
1.21791
1.21812
1.21834
1.21856
1.21877
1.21899
1.21921
1.21942
1.21963
1.21985
1.22006
1.22027
1.22048
1.2207
1.22091
1.22111
1.22132
1.22153
1.22174
1.22194
1.22214
1.22235
1.22255
1.22275
1.22295
1.22315
1.22334
1.22354
1.22373
1.22392
1.22411
1.2243
1.22449
1.22467
1.22486
1.22504
1.22522
1.22539
1.22557
1.22574
1.22592
1.22609
1.22625
1.22642
1.22658
1.22674
1.2269
1.22706
1.22721
1.22736
1.22751
1.22766
1.2278
1.22794
1.22808
1.22822
1.22835
1.22848
1.22861
1.22874
1.22886
1.22898
1.22909
1.22921
1.22932
1.22943
1.22953
1.22963
1.22963
1.23048
1.231
1.2312
1.2311
1.23074
1.23019
1.22954
1.22888
1.22832
1.22792
1.22774
1.22777
1.22798
1.22831
1.22864
1.22886
1.22878
1.22817
1.22674
1.22413
1.21995
1.21384
1.20561
1.1955
1.18438
1.17392
1.16636
1.16374
1.16703
1.17562
1.18768
1.20099
1.21371
1.22473
1.23359
1.24026
1.24498
1.24805
1.24976
1.25039
1.25015
1.2492
1.24767
1.24566
1.24325
1.24052
1.23757
1.2345
1.23142
1.22847
1.22575
1.22331
1.22116
1.21922
1.21744
1.21582
1.21447
1.21364
1.21361
1.21457
1.21649
1.21907
1.22187
1.2244
1.2263
1.22734
1.22751
1.22695
1.22595
1.22492
1.22426
1.22422
1.22483
1.22587
1.22699
1.22793
1.2286
1.22915
1.22986
1.231
1.23269
1.23482
1.2371
1.23918
1.24073
1.24152
1.24142
1.24042
1.23857
1.236
1.23289
1.22945
1.22599
1.22278
1.22013
1.21826
1.21726
1.21705
1.21733
1.21769
1.21771
1.21707
1.21565
1.21357
1.21115
1.20889
1.20732
1.20694
1.20802
1.2106
1.21445
1.21914
1.22421
1.22921
1.23383
1.23785
1.24119
1.24381
1.24576
1.24709
1.24789
1.24824
1.24824
1.24797
1.24749
1.24685
1.24605
1.24507
1.24381
1.24216
1.23997
1.23711
1.23348
1.22904
1.2238
1.21787
1.21137
1.20448
1.19741
1.19053
1.1844
1.17984
1.1777
1.17863
1.18265
1.18914
1.19699
1.20505
1.21239
1.21841
1.22281
1.22551
1.22661
1.22635
1.22513
1.22349
1.22201
1.22119
1.22128
1.22219
1.2236
1.22511
1.22636
1.22717
1.22751
1.22746
1.22718
1.22683
1.22652
1.22632
1.22623
1.2262
1.22614
1.22598
1.22561
1.22497
1.22402
1.22274
1.22115
1.21927
1.21719
1.21499
1.21279
1.21072
1.20892
1.20749
1.20652
1.20605
1.20607
1.20652
1.20728
1.20821
1.20913
1.20983
1.21013
1.20985
1.20884
1.20708
1.20467
1.20189
1.19921
1.19716
1.19624
1.19672
1.19854
1.20133
1.20456
1.2077
1.21032
1.21217
1.21314
1.21329
1.21274
1.21171
1.21041
1.20907
1.20785
1.20687
1.20617
1.20576
1.20561
1.20566
1.20581
1.206
1.20619
1.20641
1.20674
1.20724
1.20794
1.20868
1.20913
1.20884
1.20729
1.204
1.19857
1.19084
1.18093
1.16945
1.15764
1.14734
1.14067
1.13931
1.14368
1.15272
1.16439
1.17656
1.18764
1.19674
1.20352
1.208
1.21035
1.21078
1.20951
1.20676
1.20281
1.1981
1.19322
1.18892
1.18592
1.18471
1.18532
1.18735
1.19016
1.1931
1.1957
1.19769
1.19896
1.19953
1.19942
1.1987
1.19741
1.19562
1.1934
1.19083
1.1881
1.18541
1.18306
1.18131
1.18039
1.18038
1.18121
1.18266
1.18448
1.1864
1.18822
1.18983
1.19119
1.19232
1.19327
1.19408
1.19482
1.19553
1.19625
1.19699
1.19777
1.19856
1.19937
1.20016
1.20093
1.20163
1.20225
1.20273
1.20306
1.20317
1.20304
1.20259
1.2018
1.20062
1.19906
1.19714
1.19498
1.19276
1.19072
1.18913
1.1882
1.18804
1.18862
1.18976
1.19125
1.19283
1.19432
1.19561
1.19663
1.19737
1.19784
1.19805
1.198
1.19765
1.19698
1.19594
1.19448
1.19259
1.19026
1.18752
1.18446
1.18122
1.17797
1.17492
1.17229
1.17028
1.16909
1.16886
1.16969
1.17163
1.17467
1.17867
1.18339
1.18849
1.19357
1.1983
1.2024
1.20567
1.208
1.20935
1.20968
1.20899
1.20729
1.20465
1.20126
1.19746
1.19374
1.19072
1.18898
1.18881
1.19015
1.19258
1.1955
1.1984
1.20088
1.20276
1.20399
1.20461
1.20469
1.20431
1.20357
1.20254
1.2013
1.1999
1.19841
1.1969
1.19544
1.1941
1.19295
1.19204
1.19143
1.19113
1.19114
1.19145
1.192
1.19272
1.19354
1.19439
1.19519
1.1959
1.19648
1.19693
1.19726
1.19749
1.19765
1.19779
1.19792
1.19805
1.19817
1.19825
1.19824
1.19809
1.19775
1.19717
1.19633
1.19524
1.19393
1.19246
1.1909
1.18934
1.18788
1.1866
1.18558
1.18488
1.18453
1.18456
1.185
1.18584
1.18707
1.18867
1.19059
1.19276
1.19513
1.19761
1.20014
1.20264
1.20506
1.20736
1.20949
1.21143
1.21317
1.21469
1.21596
1.21696
1.21768
1.21808
1.21812
1.21776
1.21698
1.21577
1.21413
1.21214
1.20994
1.2077
1.20567
1.20405
1.20299
1.20253
1.20257
1.20296
1.20352
1.20412
1.20472
1.20538
1.20619
1.20721
1.20846
1.20989
1.21135
1.21272
1.21385
1.21471
1.21526
1.21555
1.21563
1.21554
1.2153
1.21496
1.21455
1.21418
1.21399
1.21412
1.2147
1.21579
1.21736
1.21934
1.2216
1.22405
1.22657
1.22907
1.23146
1.23366
1.23558
1.23717
1.2384
1.23927
1.23984
1.24019
1.24039
1.24051
1.24056
1.24048
1.24018
1.2395
1.23831
1.23654
1.23415
1.23124
1.22796
1.22451
1.22109
1.2179
1.21511
1.21283
1.21114
1.21005
1.20948
1.20932
1.20946
1.20982
1.21041
1.21126
1.21241
1.21387
1.2156
1.21752
1.21956
1.22163
1.2237
1.22572
1.22768
1.22954
1.23127
1.2328
1.23408
1.23506
1.23569
1.23596
1.23583
1.23528
1.23431
1.23289
1.23101
1.22866
1.22587
1.22274
1.21947
1.21634
1.21372
1.21193
1.21113
1.21128
1.21208
1.21317
1.21421
1.21504
1.21568
1.2163
1.21711
1.21825
1.21975
1.22149
1.22327
1.22483
1.22598
1.22658
1.22656
1.22592
1.22475
1.22316
1.22136
1.21953
1.21788
1.21656
1.21564
1.2151
1.21482
1.21461
1.21423
1.21347
1.21214
1.21016
1.20755
1.20453
1.20146
1.1988
1.19705
1.19656
1.19746
1.19959
1.20259
1.20603
1.2095
1.2127
1.21545
1.21766
1.21933
1.22047
1.22113
1.22135
1.22118
1.2207
1.21999
1.21916
1.21833
1.21764
1.21722
1.21714
1.21746
1.21817
1.21918
1.22039
1.22168
1.22294
1.22408
1.22506
1.22584
1.22643
1.22687
1.22718
1.22738
1.22747
1.22745
1.2273
1.22697
1.22647
1.22579
1.22496
1.22406
1.22318
1.22245
1.22194
1.22172
1.22178
1.22205
1.2224
1.22269
1.22275
1.22243
1.22162
1.22027
1.21837
1.216
1.21333
1.21059
1.2081
1.20617
1.20504
1.20484
1.20553
1.20695
1.20884
1.21098
1.21316
1.2153
1.21733
1.21926
1.22108
1.2228
1.2244
1.22582
1.22701
1.22791
1.22845
1.22855
1.22817
1.22726
1.2258
1.22379
1.22124
1.21822
1.21481
1.21115
1.20742
1.20387
1.20076
1.19837
1.19694
1.19662
1.19745
1.19927
1.2018
1.20463
1.20736
1.20961
1.21112
1.21176
1.21153
1.21057
1.20912
1.20751
1.20606
1.20505
1.20467
1.20494
1.20579
1.20706
1.20856
1.21014
1.21166
1.213
1.21408
1.21483
1.21519
1.21514
1.21465
1.21373
1.21243
1.21082
1.209
1.20707
1.20513
1.20323
1.20138
1.1995
1.19745
1.19512
1.19243
1.18946
1.18645
1.18375
1.18181
1.18095
1.18132
1.18285
1.18529
1.18835
1.19171
1.19512
1.19838
1.20134
1.20389
1.20596
1.20756
1.20869
1.20942
1.20982
1.20998
1.20998
1.20991
1.2098
1.20969
1.20956
1.20941
1.2092
1.2089
1.20848
1.20788
1.20708
1.20604
1.20473
1.20311
1.20115
1.19881
1.1961
1.1931
1.18996
1.18699
1.18458
1.18314
1.18299
1.18422
1.18669
1.19006
1.19391
1.19788
1.20166
1.20509
1.20807
1.21058
1.21262
1.21421
1.21537
1.21612
1.21648
1.21645
1.21605
1.21531
1.21428
1.21303
1.21167
1.21031
1.20899
1.20771
1.20634
1.20463
1.20222
1.19873
1.19381
1.18723
1.17898
1.16945
1.15963
1.15118
1.14606
1.14569
1.15032
1.15912
1.17057
1.18291
1.19452
1.20428
1.21165
1.21663
1.21949
1.22064
1.22046
1.21931
1.2175
1.2153
1.21296
1.21072
1.2088
1.2074
1.20665
1.2066
1.20723
1.20842
1.21001
1.21179
1.21352
1.21499
1.21602
1.21645
1.21618
1.21517
1.21343
1.2111
1.20839
1.20563
1.20324
1.20167
1.20132
1.20242
1.20497
1.20872
1.21322
1.21793
1.22237
1.22615
1.22899
1.23068
1.23108
1.23012
1.22778
1.22418
1.21973
1.2151
1.21123
1.20899
1.2088
1.21042
1.21305
1.21573
1.21774
1.21866
1.21845
1.2173
1.21552
1.2135
1.2116
1.21012
1.20924
1.20906
1.20958
1.21074
1.2124
1.21441
1.21658
1.21873
1.22067
1.22228
1.22343
1.22407
1.22415
1.22368
1.22268
1.22121
1.21936
1.21725
1.21502
1.21284
1.21085
1.20919
1.20796
1.20721
1.20694
1.20709
1.20759
1.20832
1.20917
1.21004
1.21084
1.21152
1.21208
1.21251
1.21284
1.21308
1.21321
1.21322
1.21307
1.21272
1.21213
1.21131
1.21028
1.2091
1.20787
1.20668
1.20563
1.20479
1.20417
1.20376
1.20349
1.20326
1.20297
1.20252
1.20186
1.20094
1.19979
1.19846
1.19705
1.19569
1.19451
1.19362
1.1931
1.19299
1.19329
1.19393
1.19487
1.19602
1.1973
1.19866
1.20003
1.20135
1.20259
1.20369
1.20464
1.2054
1.20597
1.20633
1.20649
1.20644
1.20618
1.20573
1.20507
1.20423
1.2032
1.20199
1.20063
1.19915
1.19759
1.19602
1.19452
1.19317
1.19209
1.19134
1.191
1.1911
1.19162
1.19252
1.1937
1.19508
1.19654
1.19796
1.19924
1.20027
1.20097
1.20124
1.201
1.20021
1.19881
1.19683
1.19433
1.19149
1.18853
1.18577
1.18351
1.18197
1.18125
1.18129
1.18194
1.18304
1.18448
1.18622
1.18827
1.19065
1.19333
1.19619
1.19908
1.20183
1.20427
1.20633
1.208
1.20935
1.21049
1.21154
1.21259
1.21367
1.21476
1.21577
1.2166
1.21713
1.21727
1.21697
1.21624
