-0.400979
-0.402196
-0.402927
-0.403179
-0.402994
-0.402417
-0.401569
-0.400586
-0.399613
-0.398787
-0.398222
-0.397973
-0.398051
-0.398394
-0.398885
-0.399379
-0.399674
-0.399488
-0.398486
-0.396198
-0.392082
-0.38554
-0.376056
-0.363398
-0.347995
-0.331282
-0.315877
-0.305145
-0.30207
-0.307872
-0.321433
-0.339847
-0.359827
-0.37871
-0.39494
-0.40789
-0.417598
-0.424404
-0.428785
-0.431173
-0.431972
-0.431504
-0.429984
-0.427608
-0.424524
-0.420852
-0.416721
-0.41227
-0.407653
-0.40306
-0.398668
-0.394619
-0.391009
-0.387814
-0.384938
-0.382284
-0.379879
-0.377915
-0.376771
-0.376876
-0.378471
-0.381477
-0.385412
-0.389595
-0.393311
-0.396036
-0.397469
-0.39759
-0.396658
-0.395136
-0.393618
-0.392725
-0.392779
-0.393779
-0.395374
-0.397044
-0.398396
-0.399359
-0.400183
-0.401289
-0.403083
-0.405689
-0.408917
-0.412339
-0.415406
-0.417631
-0.418677
-0.418392
-0.416757
-0.413866
-0.409903
-0.405163
-0.399995
-0.394818
-0.390076
-0.386196
-0.383518
-0.382154
-0.38192
-0.382378
-0.382897
-0.382848
-0.381769
-0.379522
-0.376325
-0.372686
-0.369363
-0.367164
-0.366792
-0.368649
-0.37273
-0.378659
-0.38579
-0.393417
-0.400883
-0.407731
-0.413668
-0.418556
-0.422385
-0.425205
-0.427116
-0.428243
-0.428722
-0.428672
-0.428231
-0.427478
-0.426484
-0.425271
-0.423761
-0.421812
-0.419257
-0.41589
-0.411491
-0.405924
-0.399117
-0.391155
-0.382164
-0.372344
-0.361958
-0.351355
-0.341097
-0.332086
-0.32554
-0.322769
-0.324626
-0.3311
-0.341115
-0.353002
-0.365044
-0.375888
-0.384683
-0.39103
-0.39483
-0.396269
-0.395698
-0.393773
-0.391291
-0.389141
-0.388037
-0.388308
-0.389783
-0.391947
-0.394188
-0.396015
-0.397154
-0.397591
-0.397465
-0.397026
-0.396497
-0.396043
-0.395767
-0.395646
-0.395597
-0.395503
-0.395225
-0.394634
-0.393641
-0.39217
-0.390203
-0.387765
-0.384919
-0.381772
-0.378474
-0.375172
-0.372096
-0.369435
-0.367361
-0.365978
-0.365344
-0.365448
-0.366167
-0.367339
-0.368737
-0.370095
-0.371122
-0.371493
-0.370949
-0.369323
-0.366562
-0.362857
-0.35868
-0.354712
-0.351774
-0.350608
-0.351547
-0.354456
-0.358743
-0.363609
-0.368265
-0.3721
-0.374744
-0.376073
-0.376169
-0.375257
-0.373651
-0.371689
-0.369694
-0.36789
-0.366453
-0.365448
-0.364872
-0.364687
-0.364771
-0.365021
-0.3653
-0.365596
-0.365923
-0.366438
-0.367225
-0.368296
-0.369379
-0.369977
-0.369396
-0.366833
-0.361602
-0.353135
-0.341189
-0.326032
-0.308661
-0.291031
-0.275993
-0.266705
-0.265544
-0.272906
-0.287007
-0.304727
-0.322912
-0.339275
-0.352582
-0.362404
-0.368792
-0.372022
-0.372401
-0.370254
-0.365931
-0.359862
-0.352723
-0.345429
-0.339113
-0.334865
-0.333334
-0.3345
-0.337706
-0.34199
-0.346372
-0.350197
-0.353082
-0.354895
-0.355634
-0.355372
-0.35421
-0.3522
-0.349439
-0.346049
-0.342166
-0.338054
-0.334066
-0.330605
-0.328094
-0.326854
-0.326966
-0.328317
-0.330571
-0.333326
-0.336192
-0.3389
-0.341284
-0.343288
-0.34495
-0.346328
-0.347528
-0.348627
-0.349688
-0.350769
-0.35188
-0.353039
-0.354232
-0.355443
-0.356633
-0.357773
-0.358805
-0.359702
-0.360407
-0.360868
-0.360996
-0.360741
-0.360011
-0.358763
-0.356938
-0.35453
-0.351607
-0.34835
-0.345032
-0.342023
-0.339722
-0.338434
-0.338309
-0.339272
-0.341072
-0.343328
-0.345709
-0.347932
-0.349825
-0.351316
-0.352398
-0.353074
-0.353341
-0.3532
-0.352637
-0.351582
-0.349963
-0.34772
-0.344811
-0.341248
-0.337087
-0.332459
-0.327586
-0.322712
-0.318185
-0.314321
-0.311429
-0.309777
-0.309581
-0.310982
-0.314062
-0.318779
-0.324914
-0.332074
-0.339737
-0.347336
-0.354338
-0.36037
-0.365137
-0.368498
-0.370359
-0.370703
-0.369501
-0.3668
-0.362723
-0.357548
-0.351814
-0.3463
-0.341945
-0.339557
-0.339548
-0.341761
-0.345517
-0.349929
-0.354232
-0.357877
-0.360607
-0.362363
-0.363209
-0.363254
-0.362636
-0.361479
-0.359897
-0.357995
-0.355873
-0.353631
-0.351379
-0.349201
-0.347221
-0.345525
-0.344209
-0.34333
-0.342933
-0.34301
-0.343514
-0.344372
-0.34548
-0.346716
-0.347978
-0.349174
-0.350219
-0.351073
-0.351727
-0.352208
-0.352537
-0.35278
-0.352972
-0.353166
-0.353358
-0.353536
-0.353652
-0.353622
-0.353377
-0.352822
-0.351909
-0.350612
-0.348939
-0.346949
-0.344715
-0.34236
-0.340032
-0.33788
-0.336001
-0.334514
-0.3335
-0.333031
-0.333145
-0.333858
-0.33517
-0.337088
-0.339534
-0.342448
-0.345738
-0.349303
-0.353033
-0.356816
-0.360555
-0.364171
-0.367593
-0.37076
-0.373646
-0.376219
-0.378456
-0.380324
-0.381797
-0.382824
-0.383366
-0.383367
-0.382773
-0.381545
-0.37965
-0.377139
-0.374113
-0.37079
-0.367459
-0.364451
-0.362105
-0.360604
-0.36
-0.360139
-0.360762
-0.361616
-0.362514
-0.363431
-0.364431
-0.36566
-0.36723
-0.369155
-0.371294
-0.37348
-0.375499
-0.37716
-0.378388
-0.379191
-0.379603
-0.379694
-0.379534
-0.379168
-0.378638
-0.378024
-0.377478
-0.37722
-0.377476
-0.378424
-0.380136
-0.382559
-0.385577
-0.389018
-0.392711
-0.396506
-0.400251
-0.403827
-0.407085
-0.409923
-0.412257
-0.414044
-0.415292
-0.416119
-0.416615
-0.416905
-0.417084
-0.417146
-0.417007
-0.416506
-0.415416
-0.413539
-0.410776
-0.407113
-0.402685
-0.397711
-0.392524
-0.38742
-0.382683
-0.378567
-0.375238
-0.372797
-0.371244
-0.37046
-0.370275
-0.370526
-0.371106
-0.372021
-0.373334
-0.37511
-0.377341
-0.379971
-0.382878
-0.385947
-0.389066
-0.392159
-0.395181
-0.398106
-0.400877
-0.403433
-0.405701
-0.407591
-0.409005
-0.409897
-0.410238
-0.409977
-0.409099
-0.407569
-0.405376
-0.402478
-0.39888
-0.394642
-0.389916
-0.385002
-0.380352
-0.376522
-0.373982
-0.372938
-0.373276
-0.374547
-0.376183
-0.377716
-0.378922
-0.379867
-0.38082
-0.382072
-0.383844
-0.386144
-0.388775
-0.391421
-0.393717
-0.395363
-0.396168
-0.396041
-0.394998
-0.393168
-0.390758
-0.38803
-0.385301
-0.382866
-0.380939
-0.37963
-0.378869
-0.378471
-0.378147
-0.377546
-0.376325
-0.374241
-0.371168
-0.367186
-0.362613
-0.358024
-0.354143
-0.351676
-0.351157
-0.352708
-0.35606
-0.36066
-0.365856
-0.371049
-0.375788
-0.379833
-0.383067
-0.385491
-0.387126
-0.388043
-0.38831
-0.388014
-0.387254
-0.386173
-0.384914
-0.383679
-0.382679
-0.382087
-0.382043
-0.382586
-0.383689
-0.385238
-0.387079
-0.389021
-0.390904
-0.392602
-0.394036
-0.395173
-0.39604
-0.396675
-0.397124
-0.397413
-0.397534
-0.397487
-0.397225
-0.396716
-0.395924
-0.394866
-0.393611
-0.392252
-0.390957
-0.389875
-0.389156
-0.388871
-0.388998
-0.389428
-0.389959
-0.390358
-0.390391
-0.389856
-0.388568
-0.386446
-0.383521
-0.379906
-0.375886
-0.371799
-0.368127
-0.365329
-0.363778
-0.363617
-0.364782
-0.366996
-0.369897
-0.37311
-0.376393
-0.379578
-0.382602
-0.385487
-0.3882
-0.390761
-0.393131
-0.39524
-0.396999
-0.398291
-0.399032
-0.399114
-0.398471
-0.397027
-0.394761
-0.39166
-0.387776
-0.383184
-0.378012
-0.372494
-0.366913
-0.361629
-0.357052
-0.353606
-0.351627
-0.351331
-0.352726
-0.355593
-0.359459
-0.363726
-0.367765
-0.371048
-0.373184
-0.374
-0.373533
-0.371998
-0.369777
-0.367366
-0.365246
-0.363826
-0.363346
-0.363852
-0.365199
-0.367141
-0.369425
-0.371798
-0.374061
-0.37604
-0.377617
-0.378691
-0.379173
-0.379025
-0.378222
-0.376786
-0.374796
-0.372341
-0.369576
-0.36667
-0.363755
-0.360928
-0.358161
-0.355325
-0.352221
-0.348669
-0.344596
-0.340123
-0.335618
-0.331666
-0.328885
-0.327772
-0.328511
-0.330962
-0.33474
-0.339382
-0.344451
-0.349559
-0.354404
-0.358784
-0.362541
-0.365591
-0.367909
-0.369536
-0.370571
-0.371119
-0.371318
-0.371317
-0.371207
-0.371039
-0.370868
-0.370669
-0.370425
-0.370109
-0.369643
-0.36897
-0.368044
-0.366814
-0.365225
-0.363213
-0.360735
-0.357738
-0.354169
-0.350055
-0.345518
-0.340821
-0.336423
-0.332922
-0.330931
-0.330907
-0.332954
-0.336807
-0.341957
-0.347785
-0.353727
-0.359352
-0.364432
-0.368834
-0.372526
-0.375519
-0.377836
-0.379515
-0.380575
-0.381042
-0.380938
-0.380282
-0.37912
-0.377535
-0.375643
-0.373597
-0.371554
-0.36959
-0.367665
-0.365579
-0.362923
-0.359183
-0.353758
-0.346136
-0.336017
-0.323408
-0.308974
-0.294315
-0.28202
-0.274978
-0.275187
-0.282844
-0.296544
-0.313974
-0.33247
-0.34968
-0.363982
-0.374678
-0.381797
-0.385798
-0.387284
-0.386845
-0.385002
-0.382209
-0.378868
-0.375357
-0.37203
-0.369233
-0.367226
-0.366197
-0.366232
-0.367267
-0.369129
-0.371552
-0.37421
-0.37679
-0.378947
-0.38041
-0.380963
-0.380448
-0.37881
-0.376106
-0.37253
-0.368429
-0.364314
-0.360829
-0.358628
-0.358305
-0.360186
-0.364224
-0.369997
-0.376806
-0.383855
-0.390445
-0.396
-0.400093
-0.402447
-0.402853
-0.4012
-0.397476
-0.39192
-0.385158
-0.378259
-0.37264
-0.369585
-0.369618
-0.372249
-0.376263
-0.380233
-0.383093
-0.384304
-0.383835
-0.38199
-0.379271
-0.376231
-0.373415
-0.371266
-0.370051
-0.369892
-0.370777
-0.372586
-0.375136
-0.378198
-0.381459
-0.384665
-0.387557
-0.389898
-0.391548
-0.392423
-0.392461
-0.391688
-0.390115
-0.387846
-0.385019
-0.381825
-0.378475
-0.375213
-0.372277
-0.36985
-0.368081
-0.36703
-0.366701
-0.366999
-0.367786
-0.368916
-0.370211
-0.37152
-0.372705
-0.373722
-0.374537
-0.375175
-0.375649
-0.375996
-0.376191
-0.376184
-0.375929
-0.375361
-0.374444
-0.373176
-0.37161
-0.369826
-0.367985
-0.366211
-0.364672
-0.363441
-0.362554
-0.361967
-0.361573
-0.36123
-0.360776
-0.360074
-0.359045
-0.357634
-0.355873
-0.35386
-0.351743
-0.349727
-0.348006
-0.346716
-0.346009
-0.345906
-0.346404
-0.347421
-0.348855
-0.350598
-0.352541
-0.354574
-0.356623
-0.358601
-0.360432
-0.362074
-0.363469
-0.364583
-0.365401
-0.365912
-0.366116
-0.366008
-0.365589
-0.364875
-0.363864
-0.362565
-0.360991
-0.359158
-0.35709
-0.354849
-0.352502
-0.350152
-0.347917
-0.345942
-0.344356
-0.343297
-0.342844
-0.343052
-0.343879
-0.345269
-0.347095
-0.349194
-0.351376
-0.353491
-0.355384
-0.356883
-0.357869
-0.358197
-0.357758
-0.356474
-0.354294
-0.351232
-0.347428
-0.343125
-0.338697
-0.334614
-0.331325
-0.329142
-0.328181
-0.328336
-0.329387
-0.331098
-0.333305
-0.335958
-0.339077
-0.342697
-0.346745
-0.35106
-0.355388
-0.359467
-0.363073
-0.366097
-0.368548
-0.370532
-0.372222
-0.373794
-0.375372
-0.376999
-0.378628
-0.380126
-0.381336
-0.382077
-0.382229
-0.381713
-0.380542
