11 0 0
11 0.0256496 0
11 0.0512993 0
11 0.0769489 0
11 0.102599 0
11 0.128248 0
11 0.153898 0
11 0.179547 0
11 0.205197 0
11 0.230847 0
11 0.256496 0
11 0.282146 0
11 0.307796 0
11 0.333445 0
11 0.359095 0
11 0.384745 0
11 0.410394 0
11 0.436044 0
11 0.461694 0
11 0.487343 0
11 0.512993 0
11 0.538642 0
11 0.564292 0
11 0.589942 0
11 0.615591 0
11 0.641241 0
11 0.666891 0
11 0.69254 0
11 0.71819 0
11 0.74384 0
11 0.769489 0
11 0.795139 0
11 0.820788 0
11 0.846438 0
11 0.872088 0.00204828
11 0.897737 0.0279432
11 0.923387 0.135867
11 0.949037 0.500209
11 0.974686 1.01651
11 1.00034 1.67574
11 1.02599 2.04803
11 1.05164 2.29962
11 1.07728 2.31016
11 1.10293 2.19497
11 1.12858 2.00567
11 1.15423 1.776
11 1.17988 1.65155
11 1.20553 1.50486
11 1.23118 1.34463
11 1.25683 1.16986
11 1.28248 1.09859
11 1.30813 0.955132
11 1.33378 0.88641
11 1.35943 0.792917
11 1.38508 0.775186
11 1.41073 0.711976
11 1.43638 0.678115
11 1.46203 0.645955
11 1.48768 0.628506
11 1.51333 0.649937
11 1.53898 0.650124
11 1.56463 0.631028
11 1.59028 0.645329
11 1.61593 0.641423
11 1.64158 0.662388
11 1.66723 0.686152
11 1.69288 0.720352
11 1.71853 0.757286
11 1.74418 0.778562
11 1.76983 0.800709
11 1.79547 0.822592
11 1.82112 0.83946
11 1.84677 0.900268
11 1.87242 0.932783
11 1.89807 1.00378
11 1.92372 1.02057
11 1.94937 1.05894
11 1.97502 1.08912
11 2.00067 1.11209
11 2.02632 1.1452
11 2.05197 1.14976
11 2.07762 1.12951
11 2.10327 1.14261
11 2.12892 1.13493
11 2.15457 1.1138
11 2.18022 1.09946
11 2.20587 1.09441
11 2.23152 1.05646
11 2.25717 1.05817
11 2.28282 1.00785
11 2.30847 1.00659
11 2.33412 0.97818
11 2.35977 0.965349
11 2.38542 0.926508
11 2.41107 0.896972
11 2.43672 0.894916
11 2.46237 0.868568
11 2.48802 0.854891
11 2.51366 0.834018
11 2.53931 0.837744
