13 0 0
13 0.0256496 0
13 0.0512993 0
13 0.0769489 0
13 0.102599 0
13 0.128248 0
13 0.153898 0
13 0.179547 0
13 0.205197 0
13 0.230847 0
13 0.256496 0
13 0.282146 0
13 0.307796 0
13 0.333445 0
13 0.359095 0
13 0.384745 0
13 0.410394 0
13 0.436044 0
13 0.461694 0
13 0.487343 0
13 0.512993 0
13 0.538642 0
13 0.564292 0
13 0.589942 0
13 0.615591 0
13 0.641241 0
13 0.666891 0
13 0.69254 0
13 0.71819 0
13 0.74384 0
13 0.769489 0
13 0.795139 0
13 0.820788 0
13 0.846438 0
13 0.872088 0
13 0.897737 0.0201812
13 0.923387 0.155381
13 0.949037 0.494962
13 0.974686 1.0418
13 1.00034 1.73247
13 1.02599 2.13233
13 1.05164 2.23675
13 1.07728 2.29528
13 1.10293 2.14304
13 1.12858 2.0097
13 1.15423 1.77866
13 1.17988 1.61698
13 1.20553 1.40106
13 1.23118 1.28107
13 1.25683 1.16081
13 1.28248 1.03246
13 1.30813 0.993078
13 1.33378 0.909011
13 1.35943 0.827823
13 1.38508 0.767492
13 1.41073 0.732941
13 1.43638 0.695339
13 1.46203 0.696522
13 1.48768 0.680546
13 1.51333 0.66379
13 1.53898 0.65208
13 1.56463 0.641992
13 1.59028 0.641131
13 1.61593 0.638879
13 1.64158 0.691885
13 1.66723 0.676928
13 1.69288 0.728843
13 1.71853 0.743049
13 1.74418 0.766483
13 1.76983 0.822702
13 1.79547 0.849693
13 1.82112 0.880882
13 1.84677 0.866342
13 1.87242 0.938145
13 1.89807 0.94213
13 1.92372 1.0332
13 1.94937 1.05673
13 1.97502 1.07151
13 2.00067 1.0907
13 2.02632 1.12252
13 2.05197 1.15505
13 2.07762 1.14939
13 2.10327 1.16401
13 2.12892 1.13209
13 2.15457 1.12131
13 2.18022 1.09305
13 2.20587 1.10054
13 2.23152 1.03009
13 2.25717 1.03078
13 2.28282 1.0278
13 2.30847 0.972334
13 2.33412 0.965444
13 2.35977 0.945975
13 2.38542 0.953737
13 2.41107 0.925281
13 2.43672 0.931431
13 2.46237 0.894782
13 2.48802 0.86327
13 2.51366 0.851904
13 2.53931 0.841187
