12 0 0
12 0.0256496 0
12 0.0512993 0
12 0.0769489 0
12 0.102599 0
12 0.128248 0
12 0.153898 0
12 0.179547 0
12 0.205197 0
12 0.230847 0
12 0.256496 0
12 0.282146 0
12 0.307796 0
12 0.333445 0
12 0.359095 0
12 0.384745 0
12 0.410394 0
12 0.436044 0
12 0.461694 0
12 0.487343 0
12 0.512993 0
12 0.538642 0
12 0.564292 0
12 0.589942 0
12 0.615591 0
12 0.641241 0
12 0.666891 0
12 0.69254 0
12 0.71819 0
12 0.74384 0
12 0.769489 0
12 0.795139 0
12 0.820788 0
12 0.846438 0
12 0.872088 0.000409656
12 0.897737 0.0279432
12 0.923387 0.115616
12 0.949037 0.490065
12 0.974686 0.979576
12 1.00034 1.63835
12 1.02599 2.1275
12 1.05164 2.26328
12 1.07728 2.33193
12 1.10293 2.25033
12 1.12858 1.98194
12 1.15423 1.84736
12 1.17988 1.66362
12 1.20553 1.49529
12 1.23118 1.32708
12 1.25683 1.16492
12 1.28248 1.07978
12 1.30813 0.955513
12 1.33378 0.888248
12 1.35943 0.80408
12 1.38508 0.78818
12 1.41073 0.756052
12 1.43638 0.684973
12 1.46203 0.670776
12 1.48768 0.654601
12 1.51333 0.644453
12 1.53898 0.623857
12 1.56463 0.651466
12 1.59028 0.626569
12 1.61593 0.61916
12 1.64158 0.656464
12 1.66723 0.656204
12 1.69288 0.666497
12 1.71853 0.716834
12 1.74418 0.737603
12 1.76983 0.77893
12 1.79547 0.802759
12 1.82112 0.846431
12 1.84677 0.894171
12 1.87242 0.936325
12 1.89807 1.01049
12 1.92372 1.02993
12 1.94937 1.04911
12 1.97502 1.09974
12 2.00067 1.12742
12 2.02632 1.15942
12 2.05197 1.16925
12 2.07762 1.18321
12 2.10327 1.16951
12 2.12892 1.17032
12 2.15457 1.15384
12 2.18022 1.13575
12 2.20587 1.12354
12 2.23152 1.07847
12 2.25717 1.03025
12 2.28282 1.0055
12 2.30847 0.975077
12 2.33412 0.953894
12 2.35977 0.919634
12 2.38542 0.921301
12 2.41107 0.888357
12 2.43672 0.876199
12 2.46237 0.868793
12 2.48802 0.847558
12 2.51366 0.846933
12 2.53931 0.871332
