10 0 0
10 0.0256496 0
10 0.0512993 0
10 0.0769489 0
10 0.102599 0
10 0.128248 0
10 0.153898 0
10 0.179547 0
10 0.205197 0
10 0.230847 0
10 0.256496 0
10 0.282146 0
10 0.307796 0
10 0.333445 0
10 0.359095 0
10 0.384745 0
10 0.410394 0
10 0.436044 0
10 0.461694 0
10 0.487343 0
10 0.512993 0
10 0.538642 0
10 0.564292 0
10 0.589942 0
10 0.615591 0
10 0.641241 0
10 0.666891 0
10 0.69254 0
10 0.71819 0
10 0.74384 0
10 0.769489 0
10 0.795139 0
10 0.820788 0
10 0.846438 0
10 0.872088 0.000409656
10 0.897737 0.0100906
10 0.923387 0.156486
10 0.949037 0.512102
10 0.974686 1.13397
10 1.00034 1.67321
10 1.02599 2.16315
10 1.05164 2.32991
10 1.07728 2.35481
10 1.10293 2.14514
10 1.12858 1.94584
10 1.15423 1.776
10 1.17988 1.61489
10 1.20553 1.39483
10 1.23118 1.23463
10 1.25683 1.12644
10 1.28248 1.02097
10 1.30813 0.935682
10 1.33378 0.859031
10 1.35943 0.816306
10 1.38508 0.762192
10 1.41073 0.705703
10 1.43638 0.695499
10 1.46203 0.670776
10 1.48768 0.663398
10 1.51333 0.680962
10 1.53898 0.663817
10 1.56463 0.683004
10 1.59028 0.653857
10 1.61593 0.676026
10 1.64158 0.707313
10 1.66723 0.708313
10 1.69288 0.737683
10 1.71853 0.743275
10 1.74418 0.768899
10 1.76983 0.79377
10 1.79547 0.832976
10 1.82112 0.863
10 1.84677 0.884141
10 1.87242 0.939389
10 1.89807 0.985031
10 1.92372 1.01012
10 1.94937 1.06213
10 1.97502 1.06935
10 2.00067 1.12523
10 2.02632 1.1102
10 2.05197 1.1395
10 2.07762 1.16497
10 2.10327 1.14039
10 2.12892 1.13358
10 2.15457 1.11475
10 2.18022 1.10638
10 2.20587 1.0797
10 2.23152 1.05394
10 2.25717 1.02618
10 2.28282 0.991552
10 2.30847 0.977883
10 2.33412 0.949024
10 2.35977 0.951292
10 2.38542 0.910888
10 2.41107 0.903888
10 2.43672 0.903068
10 2.46237 0.884882
10 2.48802 0.857702
10 2.51366 0.877248
10 2.53931 0.858829
