14 0 0
14 0.0256496 0
14 0.0512993 0
14 0.0769489 0
14 0.102599 0
14 0.128248 0
14 0.153898 0
14 0.179547 0
14 0.205197 0
14 0.230847 0
14 0.256496 0
14 0.282146 0
14 0.307796 0
14 0.333445 0
14 0.359095 0
14 0.384745 0
14 0.410394 0
14 0.436044 0
14 0.461694 0
14 0.487343 0
14 0.512993 0
14 0.538642 0
14 0.564292 0
14 0.589942 0
14 0.615591 0
14 0.641241 0
14 0.666891 0
14 0.69254 0
14 0.71819 0
14 0.74384 0
14 0.769489 0
14 0.795139 0
14 0.820788 0
14 0.846438 0
14 0.872088 0
14 0.897737 0.0221217
14 0.923387 0.149858
14 0.949037 0.501258
14 0.974686 1.06376
14 1.00034 1.67479
14 1.02599 2.13022
14 1.05164 2.33539
14 1.07728 2.41434
14 1.10293 2.1781
14 1.12858 1.9572
14 1.15423 1.8297
14 1.17988 1.66478
14 1.20553 1.43826
14 1.23118 1.30761
14 1.25683 1.14826
14 1.28248 1.03345
14 1.30813 0.93492
14 1.33378 0.86142
14 1.35943 0.806915
14 1.38508 0.741334
14 1.41073 0.701741
14 1.43638 0.657223
14 1.46203 0.63871
14 1.48768 0.610464
14 1.51333 0.605059
14 1.53898 0.605134
14 1.56463 0.625478
14 1.59028 0.605053
14 1.61593 0.615216
14 1.64158 0.663746
14 1.66723 0.689386
14 1.69288 0.715583
14 1.71853 0.75593
14 1.74418 0.789214
14 1.76983 0.831029
14 1.79547 0.849174
14 1.82112 0.922507
14 1.84677 0.95809
14 1.87242 0.958731
14 1.89807 1.04183
14 1.92372 1.06319
14 1.94937 1.0872
14 1.97502 1.09759
14 2.00067 1.14123
14 2.02632 1.10995
14 2.05197 1.12971
14 2.07762 1.15714
14 2.10327 1.1647
14 2.12892 1.15568
14 2.15457 1.12766
14 2.18022 1.12577
14 2.20587 1.08207
14 2.23152 1.05006
14 2.25717 1.02451
14 2.28282 0.989335
14 2.30847 0.988472
14 2.33412 0.936663
14 2.35977 0.932224
14 2.38542 0.889225
14 2.41107 0.880093
14 2.43672 0.875912
14 2.46237 0.86328
14 2.48802 0.836808
14 2.51366 0.833748
14 2.53931 0.833506
