18 0 0
18 0.0256496 0
18 0.0512993 0
18 0.0769489 0
18 0.102599 0
18 0.128248 0
18 0.153898 0
18 0.179547 0
18 0.205197 0
18 0.230847 0
18 0.256496 0
18 0.282146 0
18 0.307796 0
18 0.333445 0
18 0.359095 0
18 0.384745 0
18 0.410394 0
18 0.436044 0
18 0.461694 0
18 0.487343 0
18 0.512993 0
18 0.538642 0
18 0.564292 0
18 0.589942 0
18 0.615591 0
18 0.641241 0
18 0.666891 0
18 0.69254 0
18 0.71819 0
18 0.74384 0
18 0.769489 0
18 0.795139 0
18 0.820788 0
18 0.846438 0
18 0.872088 0.00204828
18 0.897737 0.0283313
18 0.923387 0.144704
18 0.949037 0.547081
18 0.974686 1.18088
18 1.00034 1.74261
18 1.02599 2.10756
18 1.05164 2.28174
18 1.07728 2.32394
18 1.10293 2.19471
18 1.12858 1.9827
18 1.15423 1.78423
18 1.17988 1.61327
18 1.20553 1.4367
18 1.23118 1.28278
18 1.25683 1.13776
18 1.28248 1.05206
18 1.30813 0.932631
18 1.33378 0.843964
18 1.35943 0.81418
18 1.38508 0.789377
18 1.41073 0.724687
18 1.43638 0.682262
18 1.46203 0.684188
18 1.48768 0.625524
18 1.51333 0.626849
18 1.53898 0.618827
18 1.56463 0.606528
18 1.59028 0.651102
18 1.61593 0.63468
18 1.64158 0.663993
18 1.66723 0.712984
18 1.69288 0.742103
18 1.71853 0.740902
18 1.74418 0.782845
18 1.76983 0.805193
18 1.79547 0.859039
18 1.82112 0.874618
18 1.84677 0.929966
18 1.87242 0.972518
18 1.89807 0.993331
18 1.92372 1.0491
18 1.94937 1.06541
18 1.97502 1.10087
18 2.00067 1.15623
18 2.02632 1.16122
18 2.05197 1.15369
18 2.07762 1.1555
18 2.10327 1.1212
18 2.12892 1.11619
18 2.15457 1.08374
18 2.18022 1.07907
18 2.20587 1.06542
18 2.23152 1.06096
18 2.25717 1.02498
18 2.28282 0.992008
18 2.30847 0.988217
18 2.33412 0.952396
18 2.35977 0.931979
18 2.38542 0.907118
18 2.41107 0.891639
18 2.43672 0.871548
18 2.46237 0.852085
18 2.48802 0.862609
18 2.51366 0.860226
18 2.53931 0.841611
