15 0 0
15 0.0256496 0
15 0.0512993 0
15 0.0769489 0
15 0.102599 0
15 0.128248 0
15 0.153898 0
15 0.179547 0
15 0.205197 0
15 0.230847 0
15 0.256496 0
15 0.282146 0
15 0.307796 0
15 0.333445 0
15 0.359095 0
15 0.384745 0
15 0.410394 0
15 0.436044 0
15 0.461694 0
15 0.487343 0
15 0.512993 0
15 0.538642 0
15 0.564292 0
15 0.589942 0
15 0.615591 0
15 0.641241 0
15 0.666891 0
15 0.69254 0
15 0.71819 0
15 0.74384 0
15 0.769489 0
15 0.795139 0
15 0.820788 0
15 0.846438 0
15 0.872088 0.00204828
15 0.897737 0.0287194
15 0.923387 0.145808
15 0.949037 0.48062
15 0.974686 1.12199
15 1.00034 1.74577
15 1.02599 2.10604
15 1.05164 2.34116
15 1.07728 2.33827
15 1.10293 2.26694
15 1.12858 2.014
15 1.15423 1.78737
15 1.17988 1.65248
15 1.20553 1.40329
15 1.23118 1.23998
15 1.25683 1.12068
15 1.28248 0.998398
15 1.30813 0.952463
15 1.33378 0.830183
15 1.35943 0.80975
15 1.38508 0.773305
15 1.41073 0.72023
15 1.43638 0.684814
15 1.46203 0.658134
15 1.48768 0.649233
15 1.51333 0.666099
15 1.53898 0.64747
15 1.56463 0.667032
15 1.59028 0.619878
15 1.61593 0.645494
15 1.64158 0.665597
15 1.66723 0.717776
15 1.69288 0.72989
15 1.71853 0.747682
15 1.74418 0.765604
15 1.76983 0.819926
15 1.79547 0.877729
15 1.82112 0.869668
15 1.84677 0.92259
15 1.87242 0.98487
15 1.89807 1.00434
15 1.92372 1.02793
15 1.94937 1.05948
15 1.97502 1.07574
15 2.00067 1.09592
15 2.02632 1.09089
15 2.05197 1.13244
15 2.07762 1.11206
15 2.10327 1.12419
15 2.12892 1.14008
15 2.15457 1.11051
15 2.18022 1.10403
15 2.20587 1.08082
15 2.23152 1.08167
15 2.25717 1.03404
15 2.28282 1.01482
15 2.30847 0.98203
15 2.33412 0.969814
15 2.35977 0.92434
15 2.38542 0.912444
15 2.41107 0.933838
15 2.43672 0.877978
15 2.46237 0.868118
15 2.48802 0.8566
15 2.51366 0.847311
15 2.53931 0.859518
