17 0 0
17 0.0256496 0
17 0.0512993 0
17 0.0769489 0
17 0.102599 0
17 0.128248 0
17 0.153898 0
17 0.179547 0
17 0.205197 0
17 0.230847 0
17 0.256496 0
17 0.282146 0
17 0.307796 0
17 0.333445 0
17 0.359095 0
17 0.384745 0
17 0.410394 0
17 0.436044 0
17 0.461694 0
17 0.487343 0
17 0.512993 0
17 0.538642 0
17 0.564292 0
17 0.589942 0
17 0.615591 0
17 0.641241 0
17 0.666891 0
17 0.69254 0
17 0.71819 0
17 0.74384 0
17 0.769489 0
17 0.795139 0
17 0.820788 0
17 0.846438 0
17 0.872088 0.000409656
17 0.897737 0.0190169
17 0.923387 0.138444
17 0.949037 0.476772
17 0.974686 1.04712
17 1.00034 1.71155
17 1.02599 2.17826
17 1.05164 2.31924
17 1.07728 2.27295
17 1.10293 2.20525
17 1.12858 2.03242
17 1.15423 1.81422
17 1.17988 1.55665
17 1.20553 1.40819
17 1.23118 1.24704
17 1.25683 1.15011
17 1.28248 1.01741
17 1.30813 0.958374
17 1.33378 0.876488
17 1.35943 0.86273
17 1.38508 0.787838
17 1.41073 0.753906
17 1.43638 0.742546
17 1.46203 0.692513
17 1.48768 0.662355
17 1.51333 0.638393
17 1.53898 0.624555
17 1.56463 0.632381
17 1.59028 0.640869
17 1.61593 0.64702
17 1.64158 0.672756
17 1.66723 0.689386
17 1.69288 0.696274
17 1.71853 0.748698
17 1.74418 0.764287
17 1.76983 0.798467
17 1.79547 0.8228
17 1.82112 0.842592
17 1.84677 0.901153
17 1.87242 0.923495
17 1.89807 0.970015
17 1.92372 1.00957
17 1.94937 1.05965
17 1.97502 1.09223
17 2.00067 1.13188
17 2.02632 1.15432
17 2.05197 1.15955
17 2.07762 1.16834
17 2.10327 1.18442
17 2.12892 1.15889
17 2.15457 1.11278
17 2.18022 1.09953
17 2.20587 1.06089
17 2.23152 1.04481
17 2.25717 1.01165
17 2.28282 0.996376
17 2.30847 0.977564
17 2.33412 0.938536
17 2.35977 0.939191
17 2.38542 0.915616
17 2.41107 0.895566
17 2.43672 0.893595
17 2.46237 0.893995
17 2.48802 0.876612
17 2.51366 0.856552
17 2.53931 0.862061
