16 0 0
16 0.0256496 0
16 0.0512993 0
16 0.0769489 0
16 0.102599 0
16 0.128248 0
16 0.153898 0
16 0.179547 0
16 0.205197 0
16 0.230847 0
16 0.256496 0
16 0.282146 0
16 0.307796 0
16 0.333445 0
16 0.359095 0
16 0.384745 0
16 0.410394 0
16 0.436044 0
16 0.461694 0
16 0.487343 0
16 0.512993 0
16 0.538642 0
16 0.564292 0
16 0.589942 0
16 0.615591 0
16 0.641241 0
16 0.666891 0
16 0.69254 0
16 0.71819 0
16 0.74384 0
16 0.769489 0
16 0.795139 0
16 0.820788 0
16 0.846438 0
16 0.872088 0
16 0.897737 0.0248384
16 0.923387 0.153172
16 0.949037 0.526443
16 0.974686 1.12165
16 1.00034 1.73975
16 1.02599 2.12931
16 1.05164 2.39769
16 1.07728 2.3617
16 1.10293 2.22845
16 1.12858 1.99405
16 1.15423 1.72472
16 1.17988 1.60236
16 1.20553 1.35919
16 1.23118 1.22543
16 1.25683 1.10525
16 1.28248 1.02731
16 1.30813 0.93511
16 1.33378 0.854989
16 1.35943 0.810282
16 1.38508 0.765099
16 1.41073 0.719405
16 1.43638 0.724046
16 1.46203 0.690663
16 1.48768 0.678906
16 1.51333 0.65239
16 1.53898 0.639226
16 1.56463 0.65458
16 1.59028 0.647822
16 1.61593 0.654399
16 1.64158 0.67436
16 1.66723 0.694297
16 1.69288 0.688016
16 1.71853 0.744292
16 1.74418 0.737822
16 1.76983 0.7832
16 1.79547 0.828199
16 1.82112 0.853503
16 1.84677 0.910692
16 1.87242 0.990519
16 1.89807 1.01002
16 1.92372 1.066
16 1.94937 1.0802
16 1.97502 1.13765
16 2.00067 1.13399
16 2.02632 1.15457
16 2.05197 1.15658
16 2.07762 1.16082
16 2.10327 1.15446
16 2.12892 1.1191
16 2.15457 1.10621
16 2.18022 1.081
16 2.20587 1.04298
16 2.23152 1.04372
16 2.25717 1.03371
16 2.28282 0.991682
16 2.30847 0.952176
16 2.33412 0.954768
16 2.35977 0.92874
16 2.38542 0.92543
16 2.41107 0.883785
16 2.43672 0.874591
16 2.46237 0.868624
16 2.48802 0.853733
16 2.51366 0.861577
16 2.53931 0.864657
