20 0 0
20 0.0256496 0
20 0.0512993 0
20 0.0769489 0
20 0.102599 0
20 0.128248 0
20 0.153898 0
20 0.179547 0
20 0.205197 0
20 0.230847 0
20 0.256496 0
20 0.282146 0
20 0.307796 0
20 0.333445 0
20 0.359095 0
20 0.384745 0
20 0.410394 0
20 0.436044 0
20 0.461694 0
20 0.487343 0
20 0.512993 0
20 0.538642 0
20 0.564292 0
20 0.589942 0
20 0.615591 0
20 0.641241 0
20 0.666891 0
20 0.69254 0
20 0.71819 0
20 0.74384 0
20 0.769489 0
20 0.795139 0
20 0.820788 0
20 0.846438 0
20 0.872088 0
20 0.897737 0.0139716
20 0.923387 0.13108
20 0.949037 0.536238
20 0.974686 1.05111
20 1.00034 1.65229
20 1.02599 2.07402
20 1.05164 2.29443
20 1.07728 2.32863
20 1.10293 2.18258
20 1.12858 2.05892
20 1.15423 1.78399
20 1.17988 1.57846
20 1.20553 1.48704
20 1.23118 1.32644
20 1.25683 1.19826
20 1.28248 1.07285
20 1.30813 0.985641
20 1.33378 0.879611
20 1.35943 0.828001
20 1.38508 0.768176
20 1.41073 0.756877
20 1.43638 0.679232
20 1.46203 0.67463
20 1.48768 0.654452
20 1.51333 0.620644
20 1.53898 0.595912
20 1.56463 0.612619
20 1.59028 0.601511
20 1.61593 0.593335
20 1.64158 0.640543
20 1.66723 0.646262
20 1.69288 0.667893
20 1.71853 0.71141
20 1.74418 0.740568
20 1.76983 0.809036
20 1.79547 0.821554
20 1.82112 0.865526
20 1.84677 0.905185
20 1.87242 0.951932
20 1.89807 1.02793
20 1.92372 1.07863
20 1.94937 1.07444
20 1.97502 1.13705
20 2.00067 1.18419
20 2.02632 1.18645
20 2.05197 1.17374
20 2.07762 1.19143
20 2.10327 1.17441
20 2.12892 1.14456
20 2.15457 1.11927
20 2.18022 1.08285
20 2.20587 1.06862
20 2.23152 1.04985
20 2.25717 1.01758
20 2.28282 0.995789
20 2.30847 0.962893
20 2.33412 0.942656
20 2.35977 0.923362
20 2.38542 0.916214
20 2.41107 0.895507
20 2.43672 0.888887
20 2.46237 0.872787
20 2.48802 0.858033
20 2.51366 0.852337
20 2.53931 0.819625
