19 0 0
19 0.0256496 0
19 0.0512993 0
19 0.0769489 0
19 0.102599 0
19 0.128248 0
19 0.153898 0
19 0.179547 0
19 0.205197 0
19 0.230847 0
19 0.256496 0
19 0.282146 0
19 0.307796 0
19 0.333445 0
19 0.359095 0
19 0.384745 0
19 0.410394 0
19 0.436044 0
19 0.461694 0
19 0.487343 0
19 0.512993 0
19 0.538642 0
19 0.564292 0
19 0.589942 0
19 0.615591 0
19 0.641241 0
19 0.666891 0
19 0.69254 0
19 0.71819 0
19 0.74384 0
19 0.769489 0
19 0.795139 0
19 0.820788 0
19 0.846438 0
19 0.872088 0.000819313
19 0.897737 0.0225098
19 0.923387 0.142863
19 0.949037 0.494612
19 0.974686 1.15293
19 1.00034 1.70109
19 1.02599 2.14865
19 1.05164 2.3051
19 1.07728 2.29748
19 1.10293 2.19972
19 1.12858 2.00036
19 1.15423 1.79777
19 1.17988 1.61582
19 1.20553 1.38414
19 1.23118 1.24811
19 1.25683 1.09599
19 1.28248 1.04355
19 1.30813 0.929771
19 1.33378 0.872445
19 1.35943 0.795575
19 1.38508 0.772108
19 1.41073 0.743011
19 1.43638 0.702675
19 1.46203 0.683263
19 1.48768 0.704851
19 1.51333 0.69265
19 1.53898 0.640483
19 1.56463 0.638743
19 1.59028 0.628537
19 1.61593 0.66941
19 1.64158 0.672632
19 1.66723 0.702203
19 1.69288 0.709651
19 1.71853 0.735139
19 1.74418 0.788555
19 1.76983 0.802844
19 1.79547 0.808055
19 1.82112 0.884721
19 1.84677 0.926622
19 1.87242 0.945422
19 1.89807 0.985031
19 1.92372 0.998849
19 1.94937 1.04176
19 1.97502 1.08774
19 2.00067 1.13003
19 2.02632 1.1226
19 2.05197 1.17069
19 2.07762 1.16998
19 2.10327 1.15002
19 2.12892 1.12126
19 2.15457 1.10366
19 2.18022 1.09255
19 2.20587 1.05559
19 2.23152 1.02716
19 2.25717 1.02278
19 2.28282 1.00172
19 2.30847 0.982221
19 2.33412 0.952333
19 2.35977 0.947259
19 2.38542 0.923455
19 2.41107 0.886774
19 2.43672 0.90525
19 2.46237 0.894726
19 2.48802 0.881132
19 2.51366 0.874492
19 2.53931 0.873822
